# number of velocity points: 754, dt: 0.005
0.000000
0.036776
0.073549
0.110317
0.147078
0.183828
0.220566
0.257288
0.293992
0.330676
0.367337
0.403972
0.440580
0.477157
0.513700
0.550208
0.586678
0.623107
0.659493
0.695833
0.732125
0.768365
0.804553
0.840684
0.876758
0.912770
0.948719
0.984602
1.020417
1.056160
1.091831
1.127425
1.162942
1.198377
1.233730
1.268996
1.304175
1.339263
1.374258
1.409158
1.443959
1.478661
1.513259
1.547753
1.582139
1.616416
1.650580
1.684629
1.718562
1.752375
1.786066
1.819633
1.853074
1.886387
1.919568
1.952616
1.985529
2.018303
2.050938
2.083430
2.115777
2.147977
2.180028
2.211928
2.243674
2.275265
2.306697
2.337969
2.369079
2.400025
2.430803
2.461413
2.491852
2.522118
2.552209
2.582122
2.611856
2.641409
2.670778
2.699962
2.728959
2.757766
2.786381
2.814803
2.843029
2.871058
2.898888
2.926516
2.953941
2.981161
3.008174
3.034978
3.061571
3.087952
3.114118
3.140068
3.165800
3.191312
3.216602
3.241670
3.266511
3.291127
3.315513
3.339669
3.363594
3.387285
3.410740
3.433959
3.456939
3.479679
3.502178
3.524433
3.546444
3.568208
3.589725
3.610992
3.632008
3.652773
3.673283
3.693539
3.713538
3.733279
3.752761
3.771982
3.790941
3.809637
3.828069
3.846234
3.864133
3.881763
3.899124
3.916214
3.933032
3.949577
3.965847
3.981842
3.997561
4.013002
4.028164
4.043047
4.057649
4.071969
4.086006
4.099759
4.113228
4.126411
4.139308
4.151917
4.164238
4.176270
4.188011
4.199462
4.210621
4.221488
4.232062
4.242342
4.252327
4.262017
4.271411
4.280508
4.289308
4.297810
4.306014
4.313918
4.321523
4.328828
4.335833
4.342536
4.348937
4.355037
4.360834
4.366329
4.371520
4.376408
4.380991
4.385271
4.389246
4.392916
4.396281
4.399341
4.402095
4.404544
4.406686
4.408523
4.410053
4.411278
4.412196
4.412807
4.413112
4.413111
4.412803
4.412189
4.411268
4.410041
4.408508
4.406669
4.404523
4.402072
4.399315
4.396252
4.392885
4.389212
4.385234
4.380952
4.376366
4.371475
4.366281
4.360784
4.354984
4.348882
4.342478
4.335772
4.328765
4.321457
4.313849
4.305942
4.297736
4.289231
4.280428
4.271328
4.261932
4.252239
4.242252
4.231969
4.221393
4.210524
4.199362
4.187908
4.176164
4.164130
4.151807
4.139195
4.126296
4.113110
4.099639
4.085883
4.071843
4.057520
4.042916
4.028031
4.012866
3.997422
3.981701
3.965704
3.949431
3.932884
3.916063
3.898971
3.881608
3.863975
3.846074
3.827906
3.809472
3.790774
3.771812
3.752589
3.733105
3.713361
3.693360
3.673102
3.652589
3.631823
3.610804
3.589535
3.568016
3.546249
3.524237
3.501979
3.479478
3.456736
3.433754
3.410533
3.387075
3.363382
3.339456
3.315298
3.290909
3.266292
3.241448
3.216379
3.191086
3.165572
3.139839
3.113887
3.087719
3.061336
3.034741
3.007935
2.980920
2.953699
2.926272
2.898642
2.870810
2.842779
2.814551
2.786128
2.757511
2.728702
2.699704
2.670518
2.641147
2.611593
2.581857
2.551942
2.521850
2.491582
2.461142
2.430531
2.399750
2.368804
2.337692
2.306419
2.274985
2.243393
2.211646
2.179744
2.147692
2.115490
2.083142
2.050648
2.018013
1.985237
1.952323
1.919274
1.886092
1.852778
1.819336
1.785767
1.752075
1.718261
1.684327
1.650277
1.616112
1.581834
1.547447
1.512953
1.478353
1.443651
1.408848
1.373948
1.338952
1.303863
1.268684
1.233416
1.198063
1.162627
1.127110
1.091514
1.055843
1.020099
0.984283
0.948400
0.912450
0.876437
0.840364
0.804232
0.768044
0.731802
0.695510
0.659170
0.622784
0.586354
0.549884
0.513376
0.476832
0.440255
0.403647
0.367011
0.330350
0.293666
0.256962
0.220239
0.183502
0.146751
0.109991
0.073223
0.036449
-0.000327
-0.037102
-0.073876
-0.110644
-0.147404
-0.184154
-0.220892
-0.257614
-0.294318
-0.331002
-0.367662
-0.404298
-0.440905
-0.477481
-0.514025
-0.550532
-0.587002
-0.623430
-0.659816
-0.696155
-0.732447
-0.768687
-0.804874
-0.841005
-0.877078
-0.913089
-0.949038
-0.984920
-1.020734
-1.056477
-1.092147
-1.127741
-1.163257
-1.198692
-1.234043
-1.269309
-1.304487
-1.339574
-1.374568
-1.409467
-1.444268
-1.478968
-1.513566
-1.548059
-1.582444
-1.616720
-1.650883
-1.684931
-1.718862
-1.752674
-1.786365
-1.819931
-1.853371
-1.886682
-1.919862
-1.952909
-1.985820
-2.018594
-2.051227
-2.083717
-2.116063
-2.148262
-2.180312
-2.212211
-2.243956
-2.275545
-2.306976
-2.338246
-2.369355
-2.400299
-2.431076
-2.461684
-2.492122
-2.522386
-2.552475
-2.582387
-2.612119
-2.641671
-2.671038
-2.700221
-2.729215
-2.758021
-2.786634
-2.815054
-2.843279
-2.871306
-2.899134
-2.926761
-2.954184
-2.981402
-3.008413
-3.035215
-3.061807
-3.088185
-3.114350
-3.140298
-3.166028
-3.191538
-3.216826
-3.241891
-3.266731
-3.291344
-3.315729
-3.339883
-3.363805
-3.387494
-3.410947
-3.434164
-3.457142
-3.479880
-3.502377
-3.524630
-3.546638
-3.568400
-3.589915
-3.611180
-3.632194
-3.652956
-3.673464
-3.693717
-3.713714
-3.733453
-3.752933
-3.772151
-3.791108
-3.809802
-3.828231
-3.846395
-3.864291
-3.881919
-3.899277
-3.916364
-3.933180
-3.949722
-3.965990
-3.981983
-3.997699
-4.013138
-4.028298
-4.043178
-4.057777
-4.072095
-4.086129
-4.099880
-4.113347
-4.126527
-4.139421
-4.152028
-4.164346
-4.176375
-4.188114
-4.199563
-4.210719
-4.221583
-4.232155
-4.242432
-4.252414
-4.262101
-4.271493
-4.280587
-4.289385
-4.297884
-4.306085
-4.313987
-4.321589
-4.328892
-4.335893
-4.342594
-4.348993
-4.355090
-4.360885
-4.366376
-4.371565
-4.376450
-4.381031
-4.385307
-4.389280
-4.392947
-4.396309
-4.399367
-4.402118
-4.404564
-4.406704
-4.408538
-4.410066
-4.411287
-4.412202
-4.412811
-4.413114
-4.413110
-4.412799
-4.412182
-4.411259
-4.410029
-4.408493
-4.406651
-4.404503
-4.402049
-4.399289
-4.396224
-4.392853
-4.389178
-4.385197
-4.380913
-4.376323
-4.371430
-4.366234
-4.360734
-4.354931
-4.348826
-4.342419
-4.335711
-4.328701
-4.321391
-4.313780
-4.305870
-4.297661
-4.289154
-4.280349
-4.271246
-4.261847
-4.252152
-4.242162
-4.231877
-4.221298
-4.210426
-4.199261
-4.187805
-4.176059
-4.164022
-4.151696
-4.139082
-4.126180
-4.112992
-4.099518
-4.085759
-4.071717
-4.057392
-4.042785
-4.027897
-4.012730
-3.997284
-3.981561
-3.965560
-3.949285
-3.932735
-3.915913
-3.898818
-3.881452
-3.863817
-3.845914
-3.827744
-3.809308
-3.790607
-3.771643
-3.752417
-3.732930
-3.713185
-3.693181
-3.672921
-3.652406
-3.631637
-3.610616
-3.589345
-3.567824
-3.546055
-3.524040
-3.501780
-3.479278
-3.456533
-3.433549
-3.410326
-3.386866
-3.363171
-3.339242
-3.315082
-3.290691
-3.266072
-3.241226
-3.216155
-3.190861
-3.165345
-3.139609
-3.113655
-3.087485
-3.061101
-3.034504
-3.007696
-2.980679
-2.953456
-2.926027
-2.898395
-2.870562
-2.842530
-2.814300
-2.785874
-2.757256
-2.728445
-2.699446
-2.670258
-2.640886
-2.611330
-2.581592
-2.551676
-2.521582
-2.491313
-2.460871
-2.430258
-2.399476
-2.368528
-2.337415
-2.306140
-2.274705
-2.243112
-2.211363
-2.179460
-2.147406
-2.115204
-2.082854
-2.050359
-2.017722
-1.984945
-1.952030
-1.918980
-1.885796
-1.852482
-1.819038
-1.785469
-1.751775
-1.717960
-1.684025
-1.649974
-1.615808
-1.581529
-1.547141
-1.512646
-1.478045
-1.443342
-1.408538
-1.373637
-1.338641
-1.303551
-1.268371
-1.233103
-1.197749
-1.162312
-1.126794
-1.091198
-1.055526
-1.019781
-0.983965
-0.948081
-0.912131
-0.876117
-0.840043
-0.803910
-0.767722
-0.731480
-0.695188
-0.658847
-0.622460
-0.586031
-0.549560
-0.513051
-0.476507
-0.439930
-0.403322
-0.366686
-0.330025
-0.293340
-0.256636
-0.219913
-0.183175
-0.146425
-0.109664
-0.072896
-0.036123
