PARKFIELD C02090 Earthquake
4215,0.005
0.0000000000
-0.0000721962
-0.0001448599
-0.0002161388
-0.0002855482
-0.0003534596
-0.0004210534
-0.0004933963
-0.0005796796
-0.0006869376
-0.0008081905
-0.0009284866
-0.0010350289
-0.0011197494
-0.0011941095
-0.0012729314
-0.0013566655
-0.0014429309
-0.0015282413
-0.0016074138
-0.0016774801
-0.0017453412
-0.0018351672
-0.0019845728
-0.0022135912
-0.0024729892
-0.0026791452
-0.0027758232
-0.0027580740
-0.0026646304
-0.0026014761
-0.0027120727
-0.0030577391
-0.0036039588
-0.0042264337
-0.0047338692
-0.0050010967
-0.0050385580
-0.0049503107
-0.0049187339
-0.0051370118
-0.0057367121
-0.0067138528
-0.0078889214
-0.0090134211
-0.0098848848
-0.0104202407
-0.0107017083
-0.0109125780
-0.0112442003
-0.0118205966
-0.0126288106
-0.0135248440
-0.0142712047
-0.0146531931
-0.0146167244
-0.0142614323
-0.0137567576
-0.0133177026
-0.0131703892
-0.0134134527
-0.0139517442
-0.0145894152
-0.0151107848
-0.0153561234
-0.0153034587
-0.0150778193
-0.0148808096
-0.0148804833
-0.0151150460
-0.0154849440
-0.0158841908
-0.0162548213
-0.0165610187
-0.0168283552
-0.0171116558
-0.0174638417
-0.0179600347
-0.0186384630
-0.0194260470
-0.0201723203
-0.0207336496
-0.0210263540
-0.0210911526
-0.0210762288
-0.0211430741
-0.0214320503
-0.0219988644
-0.0227740175
-0.0236209886
-0.0244186438
-0.0250839999
-0.0256309063
-0.0261644750
-0.0267331168
-0.0273196707
-0.0278884365
-0.0283850261
-0.0287528688
-0.0289775437
-0.0291075065
-0.0292249957
-0.0293668436
-0.0294913621
-0.0295125265
-0.0293385318
-0.0289441111
-0.0283921604
-0.0278340834
-0.0275808156
-0.0279826594
-0.0291763053
-0.0309278167
-0.0327078607
-0.0339729651
-0.0343978889
-0.0340911499
-0.0335824428
-0.0333052010
-0.0332739829
-0.0331902968
-0.0326896333
-0.0315880217
-0.0299236167
-0.0278551624
-0.0255863617
-0.0233253403
-0.0211749844
-0.0191284186
-0.0171555740
-0.0152150536
-0.0132538438
-0.0112547060
-0.0092418134
-0.0073174131
-0.0056914873
-0.0046065228
-0.0042408928
-0.0046346796
-0.0056266135
-0.0069699358
-0.0084829942
-0.0099906274
-0.0112711029
-0.0121871371
-0.0128170963
-0.0133932226
-0.0141595722
-0.0152813447
-0.0167810246
-0.0185225999
-0.0202921678
-0.0219129460
-0.0233015547
-0.0244167842
-0.0251463859
-0.0253382363
-0.0249667025
-0.0241500720
-0.0231094987
-0.0221074660
-0.0213614218
-0.0209093424
-0.0206296977
-0.0203712887
-0.0199434320
-0.0192519168
-0.0183406645
-0.0173277830
-0.0163682094
-0.0155775475
-0.0150003129
-0.0146333954
-0.0144705996
-0.0145056533
-0.0147251585
-0.0151153464
-0.0156676807
-0.0163902447
-0.0172652331
-0.0181858346
-0.0190269905
-0.0197483577
-0.0203615049
-0.0208875979
-0.0213813680
-0.0219272884
-0.0226153539
-0.0234845945
-0.0245023241
-0.0256209069
-0.0267835642
-0.0278817541
-0.0287980087
-0.0294679987
-0.0298443445
-0.0298807746
-0.0295799061
-0.0289895314
-0.0282168384
-0.0274026725
-0.0266692747
-0.0261765492
-0.0260897604
-0.0264880318
-0.0273653156
-0.0286158395
-0.0299812406
-0.0311117896
-0.0317433965
-0.0319013289
-0.0318402745
-0.0317576705
-0.0316950031
-0.0316158277
-0.0314837514
-0.0312838905
-0.0310366386
-0.0308143526
-0.0306605614
-0.0305374440
-0.0303957785
-0.0301934009
-0.0298943586
-0.0295223192
-0.0291615465
-0.0289075093
-0.0288544792
-0.0290914336
-0.0297000995
-0.0306996778
-0.0319518244
-0.0331948520
-0.0341963565
-0.0348436354
-0.0351326235
-0.0351593213
-0.0350845730
-0.0350456674
-0.0350950378
-0.0352068687
-0.0353334596
-0.0354421606
-0.0355109216
-0.0355531945
-0.0356139759
-0.0357422551
-0.0359931257
-0.0363809085
-0.0369008893
-0.0375034982
-0.0380618812
-0.0384155644
-0.0385113802
-0.0383993017
-0.0382010875
-0.0381056188
-0.0382705987
-0.0388194254
-0.0397425049
-0.0408851322
-0.0420507726
-0.0430704526
-0.0438117631
-0.0442503190
-0.0444797208
-0.0446481758
-0.0448890787
-0.0452235288
-0.0456217188
-0.0460862977
-0.0466321755
-0.0472727290
-0.0479900100
-0.0487280791
-0.0494358026
-0.0500634680
-0.0505661390
-0.0509173084
-0.0511014353
-0.0511528736
-0.0511510382
-0.0511669185
-0.0512327371
-0.0512956885
-0.0512685391
-0.0511067852
-0.0507952744
-0.0503237551
-0.0497375162
-0.0491377162
-0.0485651380
-0.0479738314
-0.0472588480
-0.0462808370
-0.0449479754
-0.0432574552
-0.0412659822
-0.0391884606
-0.0374131606
-0.0364035521
-0.0364943506
-0.0376374352
-0.0394112305
-0.0413689973
-0.0432887460
-0.0450297357
-0.0464324395
-0.0473448468
-0.0477605765
-0.0478037413
-0.0475440060
-0.0470322779
-0.0463362743
-0.0454582739
-0.0443129784
-0.0428231096
-0.0409832018
-0.0388397273
-0.0364923884
-0.0340743099
-0.0317396070
-0.0296438065
-0.0278774885
-0.0264433740
-0.0252801797
-0.0242668612
-0.0232551589
-0.0221302151
-0.0208379400
-0.0193610421
-0.0176962920
-0.0158455704
-0.0138149519
-0.0115995118
-0.0091509518
-0.0064125857
-0.0033979867
-0.0001604684
0.0032321020
0.0066619469
0.0100117654
0.0132050676
0.0161570949
0.0187978879
0.0211596517
0.0233839010
0.0256456334
0.0281019235
0.0308716865
0.0339338903
0.0370712476
0.0399581526
0.0422913814
0.0438714709
0.0445875180
0.0444383224
0.0435451194
0.0420106481
0.0398917472
0.0373025470
0.0343527444
0.0310716229
0.0274549799
0.0235527038
0.0195361416
0.0156543995
0.0121356668
0.0091393586
0.0068293826
0.0053790881
0.0048268480
0.0051134811
0.0061152828
0.0076658420
0.0096259979
0.0118674134
0.0142797052
0.0167239021
0.0190523916
0.0212049472
0.0232314004
0.0252291798
0.0272766048
0.0294462011
0.0318050849
0.0343237761
0.0368542484
0.0391958638
0.0411424053
0.0424799035
0.0429576988
0.0424158686
0.0409133383
0.0386306941
0.0357494567
0.0323662316
0.0285184755
0.0242959468
0.0197304481
0.0147745016
0.0095223333
0.0042356562
-0.0007202856
-0.0049755004
-0.0081939218
-0.0101298382
-0.0106508297
-0.0098074514
-0.0079508982
-0.0053692780
-0.0021452448
0.0016309336
0.0058271364
0.0102419657
0.0146255491
0.0187795585
0.0226103587
0.0261165017
0.0292762549
0.0320503751
0.0344171033
0.0362993574
0.0376709309
0.0385466123
0.0388809816
0.0386660512
0.0379745032
0.0369276935
0.0356873831
0.0343978559
0.0331130626
0.0318371211
0.0305628931
0.0292367232
0.0277354797
0.0259308028
0.0238490969
0.0216357176
0.0194287151
0.0173353539
0.0154045875
0.0135906043
0.0117826688
0.0099557174
0.0082095958
0.0067058327
0.0055929526
0.0049712245
0.0049678053
0.0057396550
0.0072927566
0.0094404141
0.0118643817
0.0142740183
0.0165223514
0.0184936147
0.0201075833
0.0213537461
0.0223555315
0.0232525743
0.0240616676
0.0248456893
0.0257176185
0.0267440852
0.0280260390
0.0296297387
0.0314262951
0.0331874619
0.0347185414
0.0358586420
0.0364468664
0.0364350889
0.0359603650
0.0351558429
0.0340486729
0.0326658454
0.0310566959
0.0292570251
0.0273122807
0.0252791037
0.0232791443
0.0214761863
0.0199990943
0.0189643109
0.0184525832
0.0184593011
0.0188900936
0.0196383688
0.0206711856
0.0220486288
0.0238676469
0.0261623159
0.0289434205
0.0322033516
0.0358669504
0.0398907886
0.0442719287
0.0489606734
0.0538867835
0.0589887466
0.0642717289
0.0697812718
0.0755316800
0.0815523771
0.0878975432
0.0946221370
0.1017767651
0.1094030325
0.1175337641
0.1261939575
0.1353895442
0.1451681486
0.1556029408
0.1666933665
0.1784537650
0.1909115568
0.2040307209
0.2178259858
0.2323109948
0.2474052236
0.2630634455
0.2792799492
0.2960209267
0.3132011604
0.3306814954
0.3483664433
0.3662154704
0.3841967894
0.4022655311
0.4203366038
0.4383341054
0.4562479421
0.4741040838
0.4919033680
0.5096367971
0.5273107664
0.5448803717
0.5622560910
0.5793658550
0.5961339230
0.6124731708
0.6283213361
0.6436306726
0.6583330850
0.6723184347
0.6854555740
0.6975859146
0.7084702771
0.7179386625
0.7259475403
0.7323887154
0.7371861622
0.7403278668
0.7417349661
0.7414094164
0.7394563208
0.7360321727
0.7313216990
0.7254586314
0.7185733724
0.7107999033
0.7022641521
0.6931637119
0.6836686921
0.6738031248
0.6635517628
0.6529002591
0.6418559052
0.6304707592
0.6187550371
0.6066731936
0.5941644756
0.5811810229
0.5677525203
0.5538681581
0.5394657646
0.5245714829
0.5092243329
0.4933612624
0.4768386001
0.4595093220
0.4412770158
0.4220285873
0.4015604890
0.3798076165
0.3568656825
0.3327149628
0.3072705306
0.2805698493
0.2527879808
0.2240982416
0.1946499630
0.1645892650
0.1340858480
0.1034116419
0.0728348582
0.0424748096
0.0123864002
-0.0173383208
-0.0466417530
-0.0755163335
-0.1039458720
-0.1318989973
-0.1593430690
-0.1862678947
-0.2126732858
-0.2385423677
-0.2637835747
-0.2882588054
-0.3119358124
-0.3348737489
-0.3571712361
-0.3789234443
-0.4001746568
-0.4209893410
-0.4414116191
-0.4614134299
-0.4810086683
-0.5002645927
-0.5192997962
-0.5383893103
-0.5578905616
-0.5781214617
-0.5993402105
-0.6217244169
-0.6452628705
-0.6698551812
-0.6954728867
-0.7220795849
-0.7495660806
-0.7777099473
-0.8062060286
-0.8346649490
-0.8626312422
-0.8897083198
-0.9155318685
-0.9396272675
-0.9614549923
-0.9806179437
-0.9966727579
-1.0090940728
-1.0178130644
-1.0230990729
-1.0250503496
-1.0238196940
-1.0199391126
-1.0142631645
-1.0077130319
-1.0009511105
-0.9943398480
-0.9879545368
-0.9815223815
-0.9744364137
-0.9659051265
-0.9551333433
-0.9415039659
-0.9244230612
-0.9031712434
-0.8773892580
-0.8469190790
-0.8117896166
-0.7723606915
-0.7290511201
-0.6829426714
-0.6351989399
-0.5864826147
-0.5376363483
-0.4895170183
-0.4427083384
-0.3974972025
-0.3538495592
-0.3116472434
-0.2707011138
-0.2306912110
-0.1912546800
-0.1521726945
-0.1135265769
-0.0755020608
-0.0383827819
-0.0026247528
0.0311399023
0.0618534076
0.0881053086
0.1089222295
0.1242901532
0.1350126257
0.1418633302
0.1454672023
0.1468248493
0.1470224906
0.1471249869
0.1482480286
0.1511835840
0.1560426972
0.1624648343
0.1699086872
0.1777150728
0.1852608971
0.1920621385
0.1977976627
0.2023770415
0.2059738992
0.2089483468
0.2116704292
0.2144373200
0.2174363102
0.2206679257
0.2239712004
0.2271406463
0.2299538031
0.2321238432
0.2332741086
0.2330479088
0.2312522697
0.2278689341
0.2229188436
0.2164159741
0.2085109125
0.1994141987
0.1892189436
0.1779524538
0.1655772500
0.1519232114
0.1368554166
0.1203974026
0.1027068575
0.0841549969
0.0651984899
0.0461881481
0.0273848640
0.0089716864
-0.0089307669
-0.0261459012
-0.0424007293
-0.0574797070
-0.0712516510
-0.0836362963
-0.0946477267
-0.1042552079
-0.1122634053
-0.1183039666
-0.1220037018
-0.1234948168
-0.1232095072
-0.1214195842
-0.1183854083
-0.1141727477
-0.1086553167
-0.1018993126
-0.0941384862
-0.0856596987
-0.0767124106
-0.0674631541
-0.0580734260
-0.0486428028
-0.0392285039
-0.0299729582
-0.0210759163
-0.0127546321
-0.0051639564
0.0016208090
0.0075525613
0.0126065742
0.0168287664
0.0204572588
0.0237587556
0.0268839265
0.0299459369
0.0330044592
0.0360767731
0.0391567201
0.0421786126
0.0450273438
0.0475464284
0.0495998226
0.0511369479
0.0520708273
0.0522813404
0.0517143985
0.0502862468
0.0479007255
0.0445951317
0.0404475557
0.0355154835
0.0298988061
0.0236970289
0.0170193599
0.0099644301
0.0026203071
-0.0048839548
-0.0124481320
-0.0200305669
-0.0275624723
-0.0348985987
-0.0418838241
-0.0484295343
-0.0545136007
-0.0601705693
-0.0654270134
-0.0702999942
-0.0748766490
-0.0792508439
-0.0835064675
-0.0877656535
-0.0921571490
-0.0967908494
-0.1017412245
-0.1070414975
-0.1127074730
-0.1187085928
-0.1249115610
-0.1311328773
-0.1371540635
-0.1426415500
-0.1471740882
-0.1503514191
-0.1519296818
-0.1518427502
-0.1501715109
-0.1471347812
-0.1429668606
-0.1379261131
-0.1323213945
-0.1264057584
-0.1203595023
-0.1143088202
-0.1083183938
-0.1023760089
-0.0964031618
-0.0902907138
-0.0838993009
-0.0770525177
-0.0695751068
-0.0613265587
-0.0522793404
-0.0426429724
-0.0327142583
-0.0227601008
-0.0131283278
-0.0041191665
0.0041721775
0.0117819949
0.0188399863
0.0255991330
0.0323137003
0.0391476958
0.0462298996
0.0536932012
0.0616478796
0.0700808548
0.0788438361
0.0877678544
0.0966803597
0.1053730207
0.1136656855
0.1214658087
0.1287863888
0.1357629745
0.1425784143
0.1493994212
0.1563851557
0.1636285418
0.1711230481
0.1787441313
0.1863054540
0.1935856076
0.2002842340
0.2061139917
0.2109490914
0.2146784304
0.2171405769
0.2183580244
0.2184537011
0.2175324508
0.2157990238
0.2134962469
0.2107697154
0.2076247868
0.2039587310
0.1996349981
0.1944813753
0.1882923266
0.1808961960
0.1721039860
0.1617172388
0.1497976468
0.1366120420
0.1225054025
0.1078640733
0.0930188467
0.0783210176
0.0641391366
0.0507551059
0.0382479130
0.0265585345
0.0156456862
0.0054028735
-0.0042894323
-0.0134699959
-0.0221277758
-0.0301772857
-0.0375053093
-0.0439738174
-0.0494202493
-0.0538003465
-0.0571498773
-0.0595084686
-0.0610816176
-0.0621332802
-0.0627930414
-0.0631858045
-0.0634540432
-0.0636310714
-0.0636797719
-0.0636014965
-0.0634116727
-0.0631014657
-0.0626269339
-0.0619261963
-0.0609801058
-0.0598111860
-0.0584919278
-0.0571494065
-0.0559087467
-0.0548557650
-0.0540988874
-0.0537243637
-0.0537455081
-0.0541887339
-0.0550369271
-0.0562290333
-0.0577013012
-0.0593527703
-0.0610689419
-0.0627418679
-0.0642779669
-0.0656111346
-0.0667041836
-0.0675186089
-0.0680383401
-0.0683350265
-0.0685101703
-0.0685820650
-0.0685371854
-0.0683671805
-0.0680633334
-0.0676085856
-0.0669818700
-0.0661850349
-0.0651972655
-0.0639808062
-0.0625390952
-0.0608432854
-0.0588240633
-0.0564467649
-0.0536968175
-0.0505750187
-0.0470346153
-0.0429884526
-0.0384109578
-0.0333069149
-0.0276396620
-0.0214001799
-0.0146480276
-0.0074158062
0.0002686195
0.0083012368
0.0165799868
0.0250400406
0.0336004217
0.0421807157
0.0507323823
0.0592246247
0.0676586179
0.0760799974
0.0845245407
0.0929702709
0.1013754678
0.1097070740
0.1179178504
0.1259815006
0.1339034155
0.1416330242
0.1490640571
0.1561359435
0.1628303636
0.1691489236
0.1751506295
0.1809110991
0.1864896035
0.1919748035
0.1974844345
0.2031358664
0.2090272154
0.2152142434
0.2217019557
0.2284823305
0.2355568733
0.2428557791
0.2502251318
0.2575035208
0.2645620594
0.2713076758
0.2776597096
0.2835399065
0.2888736207
0.2935869053
0.2976087334
0.3008929618
0.3034426733
0.3052883341
0.3064199217
0.3068175480
0.3065039203
0.3054848743
0.3037558941
0.3012851064
0.2979976725
0.2938258090
0.2886647587
0.2824154020
0.2750366573
0.2664838546
0.2567803777
0.2461011430
0.2346873579
0.2227757728
0.2105516220
0.1981604085
0.1857526506
0.1734749126
0.1614674065
0.1498196856
0.1385671930
0.1277292443
0.1173215543
0.1074031662
0.0980356112
0.0892473358
0.0811159435
0.0737653509
0.0673159421
0.0617982520
0.0570711723
0.0529360315
0.0492337633
0.0458141701
0.0425475123
0.0392995395
0.0359122665
0.0322465602
0.0282192161
0.0237450890
0.0187243613
0.0130881051
0.0067254081
-0.0004584209
-0.0084330536
-0.0171206125
-0.0264793117
-0.0364169602
-0.0467653713
-0.0573917813
-0.0682096285
-0.0791043838
-0.0899302338
-0.1005843553
-0.1109697229
-0.1209631914
-0.1303898563
-0.1390518578
-0.1468459450
-0.1537029383
-0.1595671632
-0.1643839109
-0.1681172662
-0.1708903589
-0.1728671149
-0.1741557600
-0.1749766181
-0.1755941699
-0.1761539573
-0.1767074023
-0.1772710353
-0.1778487527
-0.1783898197
-0.1788182864
-0.1791039215
-0.1792516112
-0.1792352733
-0.1790631445
-0.1788497606
-0.1787197803
-0.1787848077
-0.1791371386
-0.1798264264
-0.1808540095
-0.1822005047
-0.1838054972
-0.1855629585
-0.1873699635
-0.1891246541
-0.1907166913
-0.1920219593
-0.1929093350
-0.1932712718
-0.1930753676
-0.1924316780
-0.1914889144
-0.1902871072
-0.1887814362
-0.1868686905
-0.1844759728
-0.1815944049
-0.1782434139
-0.1744645500
-0.1702271943
-0.1654438993
-0.1601373584
-0.1544145787
-0.1483949834
-0.1422116113
-0.1360230550
-0.1299937925
-0.1242257642
-0.1187542520
-0.1135521094
-0.1085766528
-0.1038141339
-0.0992247149
-0.0947193308
-0.0902101725
-0.0856259267
-0.0808975888
-0.0760238675
-0.0710856543
-0.0661462828
-0.0612271469
-0.0563593641
-0.0515785663
-0.0468671665
-0.0421591484
-0.0373960520
-0.0325335167
-0.0275581470
-0.0224862043
-0.0173476428
-0.0121851260
-0.0070372452
-0.0019645465
0.0029380930
0.0076024972
0.0119635914
0.0159344305
0.0194770944
0.0225833449
0.0252591892
0.0275303750
0.0293856845
0.0308153306
0.0318308888
0.0324254341
0.0326209293
0.0324665905
0.0319888534
0.0312118832
0.0301818823
0.0289468446
0.0275635081
0.0261044957
0.0246474581
0.0232626471
0.0219743747
0.0207884814
0.0197406324
0.0188910604
0.0182793042
0.0178934234
0.0176858910
0.0175801040
0.0175058408
0.0174341184
0.0173429690
0.0171807130
0.0168943043
0.0164536459
0.0158527013
0.0151520279
0.0144606081
0.0138521792
0.0133526503
0.0129749272
0.0127472773
0.0126640262
0.0126798961
0.0127797595
0.0129516307
0.0131998410
0.0135499214
0.0139823452
0.0144890245
0.0151061377
0.0158930103
0.0169305931
0.0182601497
0.0199278581
0.0219856601
0.0244185964
0.0272176494
0.0304296263
0.0340679035
0.0380607619
0.0423214884
0.0468093443
0.0515059178
0.0563623742
0.0613231084
0.0663678381
0.0714845732
0.0766876528
0.0820134342
0.0874002074
0.0927179080
0.0978266952
0.1025752161
0.1068230275
0.1104933524
0.1135126573
0.1157807614
0.1172669778
0.1179211022
0.1177024381
0.1167898336
0.1154645815
0.1139033523
0.1122039570
0.1104218050
0.1085338400
0.1064466720
0.1041088510
0.1015132799
0.0986418878
0.0955023411
0.0921889049
0.0887977287
0.0854330368
0.0822357953
0.0792677904
0.0765472359
0.0740952519
0.0718825384
0.0697717478
0.0676389852
0.0654296612
0.0630657658
0.0605004592
0.0577289943
0.0547529142
0.0516031885
0.0483324436
0.0449735212
0.0415622336
0.0381226213
0.0346073851
0.0309426909
0.0271092901
0.0231392628
0.0190264730
0.0147541486
0.0103423027
0.0057791644
0.0010527270
-0.0037992210
-0.0087617683
-0.0138367585
-0.0190247608
-0.0243282240
-0.0297486146
-0.0352840860
-0.0409278845
-0.0466685284
-0.0524940480
-0.0583991026
-0.0643494948
-0.0703105903
-0.0762586940
-0.0821523441
-0.0879437023
-0.0936274921
-0.0992152757
-0.1047126523
-0.1101115777
-0.1153848331
-0.1205417042
-0.1256339710
-0.1307002213
-0.1357231930
-0.1406671037
-0.1455347151
-0.1503315295
-0.1549987839
-0.1594604923
-0.1636682078
-0.1675649786
-0.1710773348
-0.1741080572
-0.1765699957
-0.1784403319
-0.1797675207
-0.1806720002
-0.1812507765
-0.1815313706
-0.1815617485
-0.1814244498
-0.1811834890
-0.1809122100
-0.1807024124
-0.1805830051
-0.1805392662
-0.1805764810
-0.1806999625
-0.1809071978
-0.1811757326
-0.1814753053
-0.1818221924
-0.1822590791
-0.1827906428
-0.1834016181
-0.1841031246
-0.1849135526
-0.1858407199
-0.1868401477
-0.1877924162
-0.1885538084
-0.1890158867
-0.1891503686
-0.1889620326
-0.1884364892
-0.1875485417
-0.1862885196
-0.1846908972
-0.1827786102
-0.1805455711
-0.1780115639
-0.1751870714
-0.1720568656
-0.1685982987
-0.1647598824
-0.1605082413
-0.1558223805
-0.1506335654
-0.1449137094
-0.1387243855
-0.1321265380
-0.1251559745
-0.1178383020
-0.1102029830
-0.1023295183
-0.0943323875
-0.0863237986
-0.0784107856
-0.0706939241
-0.0632342082
-0.0560262962
-0.0490368968
-0.0422348146
-0.0355930675
-0.0290664644
-0.0226108766
-0.0162356245
-0.0099546177
-0.0037482298
0.0023813243
0.0084261944
0.0144118293
0.0203467675
0.0262367986
0.0321376541
0.0381032140
0.0441492100
0.0503151890
0.0566403282
0.0630756796
0.0695299676
0.0759460888
0.0822837858
0.0885058521
0.0945839013
0.1004818390
0.1061897272
0.1117296760
0.1170966539
0.1222663242
0.1272175586
0.1318835657
0.1362054457
0.1401989771
0.1438923261
0.1473000388
0.1504072919
0.1531971349
0.1556930964
0.1579174585
0.1599057936
0.1617191629
0.1633870266
0.1649435959
0.1664287278
0.1678182811
0.1690768630
0.1702166378
0.1712747298
0.1723068473
0.1733634999
0.1744757118
0.1756681804
0.1769457495
0.1783115437
0.1797754050
0.1813381781
0.1830131811
0.1848283110
0.1868146336
0.1889600864
0.1912100794
0.1935381228
0.1959312230
0.1983986326
0.2009561848
0.2035604498
0.2061684863
0.2087747414
0.2113608800
0.2138863925
0.2163101973
0.2186072971
0.2207223184
0.2225787988
0.2241149356
0.2252784612
0.2260707595
0.2265065204
0.2265373613
0.2261216315
0.2252724918
0.2240113239
0.2223447472
0.2202765186
0.2178722065
0.2151771878
0.2121692738
0.2088629450
0.2052592596
0.2013273971
0.1970735450
0.1925085321
0.1876748533
0.1826272499
0.1773604472
0.1718441513
0.1660346450
0.1598963707
0.1534484481
0.1467052586
0.1396596186
0.1323965109
0.1250215256
0.1175529643
0.1100227024
0.1024758832
0.0949156037
0.0873597093
0.0798568436
0.0724645533
0.0652055308
0.0581139807
0.0512232490
0.0445163603
0.0379844008
0.0316057129
0.0254001854
0.0194163602
0.0136519183
0.0081069570
0.0028062260
-0.0022015543
-0.0068768906
-0.0112774385
-0.0154922256
-0.0195547472
-0.0234948025
-0.0273167252
-0.0310137428
-0.0345844291
-0.0380331909
-0.0413813742
-0.0446730756
-0.0479570757
-0.0512401190
-0.0545163402
-0.0577874785
-0.0610603897
-0.0643410427
-0.0676241206
-0.0708845836
-0.0740802493
-0.0771828450
-0.0802315326
-0.0832858180
-0.0863525099
-0.0894046365
-0.0923958447
-0.0952780144
-0.0980457071
-0.1007062259
-0.1032587208
-0.1057008349
-0.1080362723
-0.1102774134
-0.1124406550
-0.1145429896
-0.1165687022
-0.1185151474
-0.1203860095
-0.1221355197
-0.1237247186
-0.1251631494
-0.1264407752
-0.1275288942
-0.1284493008
-0.1292504634
-0.1299293814
-0.1304287973
-0.1306824984
-0.1306759514
-0.1304555528
-0.1300320916
-0.1293467144
-0.1283156798
-0.1268876940
-0.1250845218
-0.1229541550
-0.1205294434
-0.1178529768
-0.1149519186
-0.1118265350
-0.1084800537
-0.1049134404
-0.1011230533
-0.0971083743
-0.0928614922
-0.0883787419
-0.0836952698
-0.0788899584
-0.0740506528
-0.0692112831
-0.0643591669
-0.0594870104
-0.0546041243
-0.0497393438
-0.0449383016
-0.0402347629
-0.0356025275
-0.0310261931
-0.0265390785
-0.0221226847
-0.0177656879
-0.0135051469
-0.0093244657
-0.0052091411
-0.0011815054
0.0028030062
0.0067920201
0.0107634797
0.0146762072
0.0185012950
0.0222567252
0.0259449513
0.0294989879
0.0328721320
0.0360506905
0.0389829358
0.0416531175
0.0440966836
0.0463006764
0.0482180630
0.0498201456
0.0511470093
0.0522590671
0.0531628491
0.0538440314
0.0542974502
0.0545227665
0.0545180613
0.0542778164
0.0537982530
0.0530947137
0.0522213636
0.0512647670
0.0502886892
0.0493016376
0.0482957764
0.0472830907
0.0462993452
0.0453874923
0.0445533950
0.0437289078
0.0428082120
0.0417293836
0.0404908168
0.0390732407
0.0374229214
0.0355588814
0.0335669863
0.0314850851
0.0293036313
0.0269947151
0.0245297102
0.0218790547
0.0190390406
0.0160521216
0.0129291145
0.0096137203
0.0060585823
0.0022782818
-0.0016842666
-0.0057779212
-0.0099873528
-0.0143796840
-0.0190385636
-0.0239873771
-0.0291724836
-0.0344439583
-0.0397001701
-0.0449544217
-0.0502227746
-0.0555060171
-0.0607993673
-0.0660962867
-0.0713924034
-0.0766855461
-0.0819754421
-0.0872634006
-0.0925530520
-0.0978495587
-0.1031546224
-0.1084557268
-0.1137144428
-0.1188747030
-0.1238959578
-0.1287177034
-0.1332687866
-0.1375429305
-0.1415365154
-0.1451807267
-0.1484032371
-0.1511761572
-0.1534784341
-0.1552731750
-0.1565416430
-0.1573427115
-0.1577823954
-0.1579054327
-0.1576996364
-0.1571332630
-0.1561694329
-0.1548275543
-0.1531550029
-0.1511698952
-0.1488831667
-0.1462967832
-0.1434402649
-0.1403989705
-0.1372149518
-0.1338705098
-0.1303818887
-0.1267785166
-0.1230527208
-0.1192152887
-0.1152982960
-0.1113384126
-0.1073435181
-0.1032692433
-0.0990998936
-0.0948885713
-0.0906839855
-0.0864873590
-0.0822920280
-0.0780874981
-0.0738544669
-0.0695717053
-0.0652419105
-0.0609205616
-0.0566086184
-0.0522315746
-0.0478075643
-0.0433893255
-0.0389579212
-0.0344672643
-0.0298839560
-0.0252328013
-0.0205275056
-0.0157343900
-0.0108766993
-0.0060095714
-0.0011625541
0.0036260769
0.0083100674
0.0128829228
0.0173512864
0.0217159961
0.0259707184
0.0300964527
0.0340578714
0.0378132858
0.0413518677
0.0446713263
0.0477684028
0.0506364365
0.0532630389
0.0556359478
0.0577546652
0.0596482562
0.0613502839
0.0628779127
0.0642523768
0.0654724103
0.0665239907
0.0674325449
0.0682325016
0.0689480239
0.0696226726
0.0702918306
0.0709705773
0.0716876215
0.0724760363
0.0733590870
0.0743701112
0.0755412093
0.0768507060
0.0782531367
0.0797280983
0.0812630822
0.0828712007
0.0845680372
0.0863089416
0.0880529929
0.0898022437
0.0915518161
0.0932754804
0.0949336749
0.0965046711
0.0980101004
0.0994541930
0.1008147106
0.1021077986
0.1033295458
0.1044430187
0.1054535704
0.1063749592
0.1072371614
0.1080593935
0.1088080706
0.1094874586
0.1101319596
0.1107224737
0.1111975928
0.1115341174
0.1117123436
0.1117320514
0.1116499725
0.1114822981
0.1112396030
0.1109270869
0.1105229979
0.1100764305
0.1096390225
0.1091865150
0.1086705603
0.1080584264
0.1073815156
0.1066971125
0.1060329177
0.1054240558
0.1049183298
0.1045288368
0.1042556055
0.1040978058
0.1040383487
0.1040351338
0.1040405562
0.1040487306
0.1040676551
0.1041012239
0.1041497143
0.1042050951
0.1042482146
0.1042482799
0.1041753779
0.1040309289
0.1038166542
0.1034818653
0.1029867650
0.1023492848
0.1015761893
0.1006558169
0.0996023337
0.0984161204
0.0970678854
0.0955418282
0.0938264337
0.0919144380
0.0898327651
0.0875994945
0.0852303972
0.0827472073
0.0801368156
0.0773810593
0.0744790411
0.0714673866
0.0683804905
0.0651809896
0.0618294125
0.0583648941
0.0548414737
0.0512499747
0.0475744852
0.0438620739
0.0401519282
0.0364330531
0.0326946295
0.0289466465
0.0252336958
0.0216359942
0.0182268350
0.0150069318
0.0119230223
0.0089543508
0.0061558276
0.0035890447
0.0012537031
-0.0008902741
-0.0029072826
-0.0048588487
-0.0067878707
-0.0087114388
-0.0106244294
-0.0125266129
-0.0144246374
-0.0163263122
-0.0182333749
-0.0201310739
-0.0219770201
-0.0237130952
-0.0253126613
-0.0267615962
-0.0280646087
-0.0292763976
-0.0304181275
-0.0314661360
-0.0323961728
-0.0331739716
-0.0338092414
-0.0343713296
-0.0348803705
-0.0352880379
-0.0355729983
-0.0357526995
-0.0358624014
-0.0359482895
-0.0360304799
-0.0361196498
-0.0362506631
-0.0364712931
-0.0368001124
-0.0372355574
-0.0377865563
-0.0384770228
-0.0393340349
-0.0403620766
-0.0415757667
-0.0429807540
-0.0445466779
-0.0462595155
-0.0480962631
-0.0500296163
-0.0520824829
-0.0542807365
-0.0566110715
-0.0590488752
-0.0615818561
-0.0642004182
-0.0669075627
-0.0697121989
-0.0726129109
-0.0755931292
-0.0786078953
-0.0816278715
-0.0846474712
-0.0876414218
-0.0905636073
-0.0933809828
-0.0961051378
-0.0987465323
-0.1012875731
-0.1036639347
-0.1058000383
-0.1077241477
-0.1094594155
-0.1109159853
-0.1120126025
-0.1126834476
-0.1128707595
-0.1126081638
-0.1119035504
-0.1107561984
-0.1091746746
-0.1071260220
-0.1046822874
-0.1019284980
-0.0989037546
-0.0956267194
-0.0920519456
-0.0881449911
-0.0839391058
-0.0794579384
-0.0746747887
-0.0696151341
-0.0643401025
-0.0588924631
-0.0533105453
-0.0476092596
-0.0418224090
-0.0360251630
-0.0303078407
-0.0247927740
-0.0195730694
-0.0146589122
-0.0100734416
-0.0058922883
-0.0021224930
0.0012466166
0.0041880468
0.0067230736
0.0089035585
0.0107603486
0.0123381728
0.0137008221
0.0148834458
0.0159199689
0.0168467640
0.0177078129
0.0185534512
0.0193907674
0.0201796857
0.0208650525
0.0214152196
0.0218137556
0.0220505320
0.0221534310
0.0221558163
0.0220910743
0.0220054777
0.0219182596
0.0218274507
0.0217340679
0.0216413125
0.0215490200
0.0214433192
0.0212909984
0.0210585527
0.0207573230
0.0204365577
0.0201186385
0.0197961557
0.0194685562
0.0191511458
0.0188706220
0.0186437884
0.0184394473
0.0181946311
0.0178910545
0.0175295062
0.0170597923
0.0164315461
0.0156538957
0.0147420710
0.0136774835
0.0124617825
0.0111042153
0.0095908515
0.0079400196
0.0061829006
0.0043089679
0.0022962695
0.0001241378
-0.0021990520
-0.0046548866
-0.0072699539
-0.0100387197
-0.0129123177
-0.0158725547
-0.0189049307
-0.0220101663
-0.0252039830
-0.0284438644
-0.0316888078
-0.0349407694
-0.0381919379
-0.0414106686
-0.0445538004
-0.0476070921
-0.0506194766
-0.0536363495
-0.0566575997
-0.0596807862
-0.0627080090
-0.0657348746
-0.0687396681
-0.0716790574
-0.0745118390
-0.0772457516
-0.0798829272
-0.0823931332
-0.0847077254
-0.0867413324
-0.0884646999
-0.0898889016
-0.0909731375
-0.0916087186
-0.0917688702
-0.0914362521
-0.0906036069
-0.0893193890
-0.0876004604
-0.0854809879
-0.0830180891
-0.0802504814
-0.0772468077
-0.0740675016
-0.0706753431
-0.0670726141
-0.0632617893
-0.0592136404
-0.0549636299
-0.0505590455
-0.0460362343
-0.0414120246
-0.0367340343
-0.0320806808
-0.0275305649
-0.0231673375
-0.0190172619
-0.0150464441
-0.0112177460
-0.0075283623
-0.0040276704
-0.0007404480
0.0023717614
0.0053409160
0.0081505607
0.0107565053
0.0131383148
0.0152951227
0.0172169943
0.0188848784
0.0202851995
0.0214423558
0.0224220205
0.0232423330
0.0239021901
0.0244442648
0.0248978541
0.0253061332
0.0257075504
0.0261037102
0.0265106002
0.0269724478
0.0275456266
0.0282840233
0.0292744305
0.0305857648
0.0321998545
0.0341011642
0.0362781480
0.0386426377
0.0411176816
0.0437122605
0.0464318154
0.0492512377
0.0521222442
0.0550004946
0.0578740478
0.0607206257
0.0635059834
0.0662104168
0.0688447777
0.0713849757
0.0737703634
0.0760063514
0.0781343452
0.0801453019
0.0820140076
0.0837233445
0.0852878243
0.0867511118
0.0881041815
0.0893087779
0.0903143541
0.0910915904
0.0916731786
0.0921068338
0.0924172574
0.0925810461
0.0925786121
0.0923951179
0.0919575550
0.0912322884
0.0902884667
0.0891569074
0.0877804068
0.0861364159
0.0842449404
0.0821436262
0.0798562161
0.0773730596
0.0747100966
0.0718617612
0.0688109309
0.0655686404
0.0621274067
0.0584892349
0.0547165411
0.0508783716
0.0470176245
0.0431418707
0.0392118812
0.0351896973
0.0310863688
0.0269518498
0.0228139472
0.0186854433
0.0146096156
0.0106560150
0.0068701089
0.0032621175
-0.0001268233
-0.0032466484
-0.0060689590
-0.0085249300
-0.0105401397
-0.0121016082
-0.0132400301
-0.0139983931
-0.0143764217
-0.0143598130
-0.0139811054
-0.0132654396
-0.0122521101
-0.0110107164
-0.0096069194
-0.0081157409
-0.0065817924
-0.0050193592
-0.0034792371
-0.0020213438
-0.0006772393
0.0005580838
0.0016835367
0.0026874125
0.0035527134
0.0042662661
0.0048264572
0.0051427209
0.0051289945
0.0048289770
0.0043010762
0.0035656431
0.0026808861
0.0017402263
0.0008021666
-0.0001098169
-0.0009599357
-0.0017323048
-0.0024669980
-0.0031939913
-0.0039016845
-0.0045967834
-0.0053103405
-0.0060441166
-0.0067837930
-0.0075347056
-0.0082885484
-0.0090013433
-0.0095974180
-0.0100175073
-0.0102844091
-0.0104545705
-0.0105571388
-0.0106270030
-0.0106902558
-0.0107582506
-0.0108622605
-0.0110397758
-0.0112883101
-0.0115591264
-0.0118235926
-0.0120907260
-0.0123695566
-0.0126569323
-0.0129318011
-0.0131553931
-0.0132941885
-0.0133664718
-0.0134236821
-0.0134863738
-0.0135507371
-0.0136155788
-0.0136814694
-0.0137420301
-0.0137754183
-0.0137462641
-0.0136289258
-0.0134135565
-0.0130816080
-0.0126298563
-0.0120784028
-0.0114720678
-0.0108590109
-0.0102454970
-0.0096247716
-0.0089962591
-0.0083643955
-0.0077363411
-0.0071162625
-0.0064973008
-0.0058542707
-0.0051466864
-0.0043493138
-0.0035030403
-0.0026478764
-0.0017738317
-0.0008989887
-0.0001090501
0.0004562366
0.0006922760
0.0005886617
0.0001912712
-0.0004382592
-0.0012790947
-0.0023436554
-0.0036045828
-0.0050586134
-0.0067137891
-0.0085167003
-0.0104251136
-0.0124555635
-0.0146395439
-0.0170012200
-0.0195252841
-0.0221514765
-0.0248467110
-0.0276055816
-0.0304588850
-0.0334461904
-0.0365573483
-0.0397441043
-0.0429241443
-0.0460147643
-0.0489735615
-0.0517765322
-0.0543978455
-0.0568349310
-0.0590903613
-0.0611130217
-0.0628581756
-0.0643244837
-0.0654826153
-0.0662817332
-0.0666652210
-0.0665808794
-0.0660457536
-0.0651227132
-0.0638417173
-0.0621624063
-0.0600412790
-0.0575083386
-0.0546267907
-0.0514330699
-0.0479619876
-0.0442407125
-0.0402425587
-0.0359334020
-0.0313410660
-0.0265823257
-0.0217385630
-0.0168481075
-0.0119482978
-0.0070301367
-0.0020898623
0.0028481335
0.0077251345
0.0124597989
0.0169959738
0.0212734301
0.0252316591
0.0287972803
0.0318474419
0.0343027176
0.0360902173
0.0371120522
0.0372746544
0.0364189602
0.0344304624
0.0314263402
0.0276146389
0.0231558128
0.0181623265
0.0127200045
0.0069579693
0.0009739673
-0.0051952004
-0.0114871801
-0.0178268523
-0.0241889570
-0.0305671933
-0.0369112891
-0.0431131571
-0.0490469062
-0.0546283468
-0.0597830765
-0.0643841201
-0.0682962647
-0.0713831305
-0.0734902747
-0.0745776093
-0.0747348380
-0.0740452955
-0.0725895035
-0.0704836274
-0.0678743480
-0.0649251425
-0.0617689529
-0.0585014834
-0.0551925089
-0.0518889096
-0.0486437126
-0.0455129358
-0.0425278025
-0.0396876544
-0.0369864110
-0.0344403983
-0.0320695911
-0.0299012439
-0.0279290220
-0.0261518686
-0.0246079023
-0.0232837158
-0.0221607613
-0.0212295033
-0.0204382642
-0.0197254000
-0.0190462998
-0.0183811115
-0.0177318113
-0.0170936239
-0.0164401534
-0.0157274275
-0.0149237662
-0.0140621446
-0.0131976763
-0.0123438095
-0.0114970227
-0.0106485158
-0.0097749149
-0.0088361921
-0.0077999029
-0.0066890314
-0.0055152022
-0.0042497400
-0.0029336563
-0.0016199514
-0.0003063491
0.0010115172
0.0023303430
0.0036460895
0.0049617519
0.0062969019
0.0076896878
0.0091749133
0.0107422382
0.0124065080
0.0142311635
0.0162115865
0.0182931017
0.0204537090
0.0226813732
0.0249894691
0.0274189432
0.0299607906
0.0325881009
0.0352785973
0.0380332715
0.0408785924
0.0438018230
0.0468031355
0.0498995847
0.0530442696
0.0561791344
0.0592736427
0.0622927585
0.0652305091
0.0681389481
0.0710600247
0.0739893518
0.0769136751
0.0798129477
0.0826575536
0.0854232801
0.0880983509
0.0906506072
0.0930191876
0.0951601688
0.0970381372
0.0985923285
0.0997669057
0.1005371458
0.1008559210
0.1006475797
0.0998872666
0.0985881489
0.0967580148
0.0943955891
0.0915429877
0.0883329840
0.0848912263
0.0812653777
0.0774683104
0.0735243059
0.0695102861
0.0655476811
0.0617140146
0.0580411716
0.0545650730
0.0513018554
0.0482467945
0.0454013494
0.0427861676
0.0404490560
0.0384473817
0.0367943215
0.0354523065
0.0343518301
0.0334189176
0.0326433667
0.0320300811
0.0315107186
0.0310057886
0.0304973666
0.0300096069
0.0295826142
0.0292503905
0.0289941822
0.0287584224
0.0285089637
0.0282181021
0.0278419222
0.0273478681
0.0267016082
0.0258541098
0.0247816629
0.0234825075
0.0219591613
0.0202273215
0.0183193861
0.0162684267
0.0140702093
0.0117049271
0.0091862375
0.0065165648
0.0036850898
0.0007223953
-0.0023401807
-0.0054907110
-0.0087214739
-0.0120347613
-0.0153802151
-0.0186561497
-0.0218071489
-0.0248059610
-0.0276100650
-0.0301944092
-0.0325451858
-0.0346450763
-0.0364961945
-0.0381315724
-0.0396151623
-0.0410335352
-0.0424366510
-0.0438207725
-0.0451841795
-0.0465577298
-0.0480063549
-0.0495976995
-0.0513280979
-0.0531293374
-0.0549859893
-0.0569510507
-0.0590446803
-0.0612495272
-0.0635187937
-0.0657838889
-0.0679941814
-0.0701026353
-0.0720883592
-0.0739310252
-0.0756088477
-0.0771251226
-0.0784512823
-0.0795720953
-0.0804554204
-0.0810303428
-0.0813179633
-0.0813798475
-0.0812293668
-0.0808591164
-0.0802570611
-0.0794010843
-0.0782612379
-0.0768280538
-0.0751542265
-0.0732787682
-0.0711409685
-0.0687160261
-0.0660638014
-0.0632382013
-0.0602847050
-0.0572258470
-0.0540960297
-0.0509490174
-0.0478156309
-0.0447301680
-0.0417253674
-0.0387881663
-0.0359089930
-0.0331282044
-0.0304608386
-0.0279047263
-0.0254618867
-0.0231336078
-0.0209155132
-0.0187945224
-0.0167523645
-0.0147814464
-0.0129029634
-0.0110872070
-0.0092798356
-0.0074698770
-0.0056619081
-0.0038579403
-0.0020581540
-0.0002618444
0.0015325447
0.0033282541
0.0051301489
0.0069412753
0.0087552051
0.0105480018
0.0122796227
0.0139217288
0.0155083248
0.0170924515
0.0186829935
0.0202731349
0.0218597517
0.0234424979
0.0250222961
0.0265998680
0.0281762995
0.0297542853
0.0313384981
0.0329320054
0.0345282559
0.0361025838
0.0376136116
0.0390320225
0.0403930154
0.0417514143
0.0431162584
0.0444804021
0.0458407676
0.0471974819
0.0485521038
0.0499054530
0.0512574075
0.0526081581
0.0539603823
0.0553193076
0.0566881001
0.0580574327
0.0593942517
0.0606439074
0.0617617622
0.0627422574
0.0636046444
0.0643289906
0.0648670471
0.0651825669
0.0652232888
0.0649287648
0.0642790209
0.0633027791
0.0620508232
0.0605774689
0.0589277729
0.0571402469
0.0552263687
0.0531848476
0.0510329996
0.0488099523
0.0465608354
0.0443005617
0.0420357805
0.0398104212
0.0377108948
0.0358253381
0.0342200945
0.0329571315
0.0320593972
0.0314834263
0.0311539228
0.0309884316
0.0309153640
0.0309150764
0.0310250082
0.0312643846
0.0316145251
0.0320477952
0.0325459147
0.0331198785
0.0337598020
0.0344350213
0.0351601234
0.0359704663
0.0368503028
0.0377504427
0.0386527286
0.0395597676
0.0404606071
0.0413249087
0.0421173638
0.0428339993
0.0434992770
0.0440988378
0.0445801190
0.0448816372
0.0449117798
0.0445986659
0.0439087604
0.0427945961
0.0412338064
0.0392651048
0.0369660180
0.0344201617
0.0316808967
0.0287884074
0.0257812869
0.0226881882
0.0195426216
0.0163525709
0.0131037157
0.0098289622
0.0065934895
0.0034115922
0.0002743950
-0.0027721465
-0.0056674625
-0.0084104452
-0.0110155525
-0.0134354109
-0.0156315863
-0.0176287148
-0.0194683722
-0.0211720658
-0.0227245393
-0.0241425910
-0.0254833604
-0.0267495411
-0.0279255566
-0.0290588135
-0.0301936851
-0.0313260375
-0.0324475377
-0.0335584395
-0.0346723632
-0.0358204726
-0.0370407234
-0.0383423874
-0.0396825294
-0.0410426378
-0.0424656238
-0.0439812167
-0.0455685948
-0.0472233229
-0.0489676289
-0.0507521248
-0.0525205449
-0.0542858385
-0.0560879600
-0.0579764899
-0.0599705729
-0.0619927407
-0.0639381266
-0.0657645749
-0.0674898469
-0.0691239564
-0.0706453994
-0.0719991919
-0.0731134871
-0.0739436731
-0.0744388198
-0.0745756773
-0.0743192363
-0.0736357886
-0.0725539925
-0.0710977166
-0.0692487458
-0.0670411490
-0.0645444866
-0.0617891021
-0.0588508244
-0.0557903163
-0.0526106018
-0.0493025372
-0.0458636246
-0.0423107746
-0.0386924533
-0.0350797564
-0.0315250174
-0.0280725222
-0.0247326189
-0.0215077446
-0.0184069039
-0.0154350147
-0.0126318420
-0.0100473048
-0.0076791088
-0.0055072181
-0.0035706562
-0.0018697629
-0.0003557104
0.0009551447
0.0020703459
0.0030203868
0.0038135741
0.0044891958
0.0050576915
0.0055033402
0.0057996147
0.0059225675
0.0059059551
0.0057937356
0.0056222717
0.0054319451
0.0052310832
0.0050050783
0.0047521016
0.0044983359
0.0042657545
0.0040545235
0.0038846022
0.0037934671
0.0037852158
0.0038473648
0.0039915294
0.0041991708
0.0044164177
0.0046249985
0.0048461587
0.0051154131
0.0054630587
0.0058732583
0.0062721204
0.0065932998
0.0068489905
0.0070827601
0.0072808313
0.0073905587
0.0073902775
0.0072821089
0.0070605803
0.0067232990
0.0062762295
0.0057266687
0.0050924068
0.0044231561
0.0037665717
0.0031542693
0.0026180315
0.0021503723
0.0016990857
0.0012420588
0.0008130697
0.0004642409
0.0002365163
0.0001604655
0.0002842683
0.0006391768
0.0012107654
0.0019617478
0.0028450941
0.0038371829
0.0049481648
0.0061868047
0.0075520828
0.0090285887
0.0105804774
0.0121607693
0.0137453311
0.0153401764
0.0169383900
0.0185061759
0.0199917477
0.0213592836
0.0226004167
0.0237037613
0.0246684617
0.0254905895
0.0261060225
0.0264616231
0.0265801987
0.0265212478
0.0263639085
0.0261772804
0.0259826953
0.0257839968
0.0256108570
0.0255113955
0.0255140409
0.0256182148
0.0258344900
0.0261990444
0.0267648444
0.0275628880
0.0285813456
0.0297894202
0.0311416912
0.0326004127
0.0341399539
0.0357182946
0.0373033237
0.0388838829
0.0404354878
0.0419259654
0.0433447494
0.0446873155
0.0458862081
0.0468439079
0.0475140541
0.0478952028
0.0480261583
0.0479513835
0.0476957309
0.0472864288
0.0467278276
0.0460009653
0.0451215937
0.0441220684
0.0430066903
0.0417873628
0.0404972351
0.0391730321
0.0378111580
0.0363609755
0.0347927603
0.0331129996
0.0313251182
0.0294232696
0.0274016151
0.0252660212
0.0230470395
0.0208016647
0.0185879729
0.0164504573
0.0144268355
0.0125475892
0.0108574475
0.0093845794
0.0081250797
0.0070792495
0.0062644963
0.0057173031
0.0054755505
0.0055365568
0.0058535248
0.0063984973
0.0071702837
0.0081459154
0.0092682504
0.0104654642
0.0116654821
0.0128083684
0.0138815457
0.0148863421
0.0158312577
0.0167640471
0.0176997689
0.0185889735
0.0193595113
0.0199658747
0.0204220426
0.0207450752
0.0209148066
0.0209291650
0.0207957896
0.0205071508
0.0201051446
0.0196650231
0.0192220517
0.0187976550
0.0184406881
0.0182017187
0.0180872095
0.0180471801
0.0180191421
0.0179951178
0.0180213452
0.0181436964
0.0183552525
0.0185865518
0.0187713745
0.0188770984
0.0189030845
0.0188725156
0.0187724015
0.0185687068
0.0182522728
0.0178100369
0.0172196074
0.0164666163
0.0155741634
0.0145829472
0.0135050330
0.0123464699
0.0111066316
0.0098127477
0.0085501643
0.0073673515
0.0062309563
0.0050959338
0.0039611356
0.0028619772
0.0018366457
0.0008910182
0.0000056264
-0.0007998645
-0.0014802127
-0.0020141027
-0.0023920743
-0.0026353367
-0.0027710890
-0.0027828880
-0.0026449670
-0.0023529816
-0.0019497157
-0.0014856615
-0.0009424651
-0.0002820394
0.0005003232
0.0014036336
0.0024197366
0.0035169112
0.0046379546
0.0057259797
0.0067386976
0.0076405225
0.0084012404
0.0089718299
0.0093155806
0.0094282395
0.0093088868
0.0089584094
0.0083604612
0.0074669991
0.0062752994
0.0048649118
0.0033060442
0.0016065120
-0.0002479783
-0.0022273668
-0.0042845375
-0.0064238172
-0.0086452179
-0.0108989573
-0.0131510501
-0.0154038720
-0.0176613880
-0.0199241452
-0.0221910194
-0.0244589612
-0.0267235808
-0.0289811876
-0.0312342033
-0.0334981610
-0.0358043312
-0.0381854482
-0.0406383559
-0.0431266652
-0.0456519702
-0.0482551480
-0.0509370035
-0.0536466672
-0.0563504092
-0.0590513566
-0.0617571293
-0.0644739358
-0.0672035694
-0.0699339275
-0.0726303647
-0.0752405336
-0.0777302528
-0.0801181923
-0.0824403432
-0.0847071746
-0.0868762840
-0.0888808340
-0.0907208499
-0.0924296216
-0.0939945559
-0.0954103698
-0.0966873851
-0.0977793354
-0.0986426612
-0.0992792512
-0.0996943511
-0.0998900758
-0.0998673226
-0.0996282744
-0.0991878486
-0.0985961929
-0.0979198418
-0.0971651663
-0.0963067769
-0.0953445422
-0.0942808807
-0.0931672664
-0.0920626509
-0.0909679818
-0.0898704003
-0.0887473641
-0.0875634392
-0.0862940908
-0.0849681091
-0.0836154482
-0.0822053884
-0.0807069479
-0.0791588835
-0.0776142741
-0.0760581859
-0.0744260972
-0.0726449569
-0.0706995345
-0.0686285512
-0.0664282910
-0.0640742935
-0.0615797404
-0.0589421906
-0.0561437221
-0.0531976242
-0.0501052023
-0.0468514310
-0.0434522000
-0.0399098749
-0.0362081519
-0.0323631229
-0.0283842102
-0.0242693809
-0.0200506276
-0.0157839878
-0.0115350106
-0.0073633908
-0.0033035630
0.0006202200
0.0043622095
0.0078800278
0.0111457788
0.0141165933
0.0167536015
0.0190294715
0.0209060669
0.0223605173
0.0234090746
0.0241107867
0.0245484488
0.0247635081
0.0247704296
0.0246099132
0.0243324243
0.0239697931
0.0235690834
0.0231685037
0.0227624409
0.0223426676
0.0219092398
0.0214760675
0.0210802736
0.0207720050
0.0205658395
0.0203778080
0.0201044673
0.0197259340
0.0193198935
0.0189849810
0.0187559343
0.0186038565
0.0184482063
0.0182195615
0.0178979269
0.0175294839
0.0171699858
0.0168205960
0.0164658823
0.0161021425
0.0157488049
0.0154536861
0.0152692672
0.0152040111
0.0152481996
0.0153938440
0.0156381187
0.0159879572
0.0164458964
0.0170303612
0.0177842398
0.0187546343
0.0199429855
0.0213065120
0.0228013449
0.0244280007
0.0262089334
0.0281127128
0.0300927682
0.0321578610
0.0343128630
0.0365098721
0.0387056914
0.0408740740
0.0429727251
0.0449635955
0.0468282447
0.0485401743
0.0500979645
0.0515252612
0.0528067261
0.0539415730
0.0549460403
0.0557765388
0.0563867823
0.0567728366
0.0569538932
0.0569793042
0.0568997477
0.0567106104
0.0564022663
0.0559745706
0.0554286256
0.0547673247
0.0539958561
0.0531300364
0.0521994958
0.0512479349
0.0502883939
0.0493368440
0.0483819283
0.0473840939
0.0463517492
0.0453574789
0.0444271748
0.0435116192
0.0425738118
0.0415794829
0.0404992442
0.0393550698
0.0381991531
0.0370501424
0.0359033045
0.0347586062
0.0336171801
0.0324696374
0.0312854060
0.0300176066
0.0286366451
0.0271438774
0.0255427221
0.0238352919
0.0220234749
0.0201051790
0.0180698024
0.0158950608
0.0135594794
0.0110980027
0.0085987673
0.0060987324
0.0035818831
0.0010380201
-0.0015172011
-0.0040510008
-0.0065659370
-0.0090876046
-0.0116197431
-0.0141531371
-0.0166628581
-0.0191077315
-0.0214580781
-0.0237419409
-0.0259711735
-0.0280996987
-0.0301240324
-0.0320395673
-0.0338197076
-0.0354507598
-0.0369473388
-0.0383726516
-0.0397416089
-0.0409983111
-0.0421095816
-0.0430652351
-0.0438824484
-0.0446249041
-0.0453006060
-0.0458424336
-0.0462190123
-0.0464650486
-0.0466038036
-0.0466300056
-0.0465361655
-0.0463248226
-0.0460156777
-0.0456437224
-0.0452373541
-0.0447761384
-0.0442215893
-0.0435928171
-0.0429491880
-0.0423188582
-0.0416965190
-0.0410615780
-0.0403768437
-0.0396040695
-0.0387498572
-0.0378782756
-0.0370505098
-0.0362990080
-0.0356297367
-0.0350257331
-0.0344938935
-0.0340364574
-0.0336079751
-0.0331771096
-0.0327466426
-0.0323192604
-0.0318947927
-0.0314743937
-0.0310609894
-0.0306555187
-0.0302479854
-0.0298090922
-0.0292944203
-0.0286769232
-0.0279768087
-0.0272076554
-0.0263587295
-0.0254194524
-0.0243601120
-0.0231607690
-0.0218036236
-0.0202889210
-0.0186390827
-0.0168356008
-0.0148809070
-0.0128187976
-0.0106637551
-0.0084539476
-0.0062318539
-0.0039888218
-0.0017272360
0.0005200182
0.0027531783
0.0049949845
0.0072237997
0.0093873156
0.0114329286
0.0133585497
0.0151708376
0.0168793923
0.0185082245
0.0200913209
0.0216680933
0.0232244834
0.0247198941
0.0261268620
0.0274690307
0.0287655902
0.0299724263
0.0310518660
0.0320149234
0.0329041913
0.0337217943
0.0344043688
0.0349201846
0.0352801967
0.0354475973
0.0353749708
0.0350385636
0.0344255246
0.0335652724
0.0324952444
0.0312481646
0.0298652243
0.0283633696
0.0267444825
0.0250214259
0.0232148182
0.0213364111
0.0193705879
0.0173290468
0.0152598088
0.0131891144
0.0111331904
0.0091254797
0.0071970104
0.0053292775
0.0034670924
0.0015993859
-0.0002215507
-0.0019193098
-0.0034474794
-0.0048314750
-0.0061183710
-0.0073276091
-0.0084717946
-0.0095444758
-0.0105421222
-0.0114947086
-0.0124013298
-0.0132269953
-0.0139793637
-0.0147132890
-0.0154496317
-0.0161472273
-0.0167468392
-0.0172183263
-0.0175813247
-0.0178789228
-0.0181602650
-0.0184415631
-0.0186892889
-0.0188620754
-0.0189471362
-0.0189784958
-0.0189664557
-0.0188738524
-0.0186876687
-0.0184127238
-0.0180466218
-0.0176088275
-0.0171047760
-0.0165212416
-0.0158916520
-0.0152292976
-0.0144924524
-0.0136665629
-0.0128018733
-0.0119432162
-0.0110885884
-0.0102301687
-0.0093630900
-0.0084861874
-0.0076087851
-0.0067570130
-0.0059721964
-0.0052856260
-0.0046974452
-0.0042244592
-0.0038879928
-0.0037064396
-0.0036679660
-0.0037017893
-0.0037978366
-0.0039891299
-0.0042331385
-0.0044745012
-0.0047137933
-0.0049615840
-0.0052281597
-0.0055210494
-0.0058287083
-0.0061103843
-0.0063616297
-0.0066118368
-0.0068644262
-0.0071193614
-0.0073807045
-0.0076506092
-0.0079209755
-0.0081642315
-0.0083367268
-0.0084127786
-0.0084411807
-0.0084795813
-0.0085335732
-0.0086045251
-0.0086886915
-0.0087597887
-0.0088080004
-0.0088375662
-0.0088150855
-0.0086916461
-0.0084577247
-0.0081128606
-0.0076435278
-0.0070270743
-0.0062508017
-0.0053363746
-0.0042712270
-0.0030407834
-0.0016760914
-0.0001818226
0.0014430124
0.0031725288
0.0049965589
0.0069181534
0.0089010795
0.0108933834
0.0128851772
0.0148814653
0.0168831239
0.0188883288
0.0208939339
0.0228980744
0.0249016987
0.0269090816
0.0289245339
0.0309449377
0.0329498572
0.0348975532
0.0367442638
0.0384884551
0.0401352875
0.0416651198
0.0430370572
0.0442054814
0.0451592552
0.0458998672
0.0464256506
0.0467276375
0.0467847818
0.0465699855
0.0460747375
0.0453489293
0.0444538224
0.0433905615
0.0421535006
0.0407753550
0.0392753799
0.0376549422
0.0359289261
0.0341328060
0.0323117754
0.0304875578
0.0286725914
0.0268975898
0.0251968607
0.0235689460
0.0220006828
0.0205189981
0.0191469097
0.0178885134
0.0167569762
0.0157753104
0.0149557348
0.0142669226
0.0136760878
0.0131681050
0.0127338300
0.0123846859
0.0121012902
0.0118347984
0.0115813370
0.0113800847
0.0112654391
0.0112199128
0.0111949534
0.0111734213
0.0111566363
0.0111277062
0.0110474268
0.0108795918
0.0106439942
0.0104056520
0.0102139531
0.0100958369
0.0100495000
0.0100619391
0.0101611022
0.0103768319
0.0106984247
0.0110939826
0.0115137282
0.0119292898
0.0123499740
0.0127869193
0.0132406270
0.0136909333
0.0140881441
0.0143663097
0.0144962714
0.0145213390
0.0144816761
0.0143355311
0.0140270778
0.0135697720
0.0129978000
0.0123154248
0.0115282773
0.0106521061
0.0097026588
0.0086775650
0.0075826195
0.0064636287
0.0053363646
0.0041630723
0.0029035255
0.0015635305
0.0001980869
-0.0011590334
-0.0025154650
-0.0038841754
-0.0052740683
-0.0066816569
-0.0080810354
-0.0094580616
-0.0108309691
-0.0122090515
-0.0135741499
-0.0148912525
-0.0161279172
-0.0172919813
-0.0184016579
-0.0194247694
-0.0203193343
-0.0210588696
-0.0216331835
-0.0220773538
-0.0224269962
-0.0226985151
-0.0228999518
-0.0230145195
-0.0230528920
-0.0230622742
-0.0230692923
-0.0230910910
-0.0231620511
-0.0233137746
-0.0235271080
-0.0237507992
-0.0239667646
-0.0241851762
-0.0244154986
-0.0246576345
-0.0248935491
-0.0250818743
-0.0251725476
-0.0251499687
-0.0250297210
-0.0248332647
-0.0245712107
-0.0242233882
-0.0237905276
-0.0232834362
-0.0226860394
-0.0220272787
-0.0213566265
-0.0206810952
-0.0200003968
-0.0193337692
-0.0187194457
-0.0181900948
-0.0177268206
-0.0173072149
-0.0169569355
-0.0166820544
-0.0164454941
-0.0162226027
-0.0160177104
-0.0158285719
-0.0156264926
-0.0154044908
-0.0151857075
-0.0149721414
-0.0147419128
-0.0144579677
-0.0140883394
-0.0136463857
-0.0131389857
-0.0125225787
-0.0117873350
-0.0109603576
-0.0100868848
-0.0092083497
-0.0083103608
-0.0073508646
-0.0063022259
-0.0051925116
-0.0040505305
-0.0028423308
-0.0015356651
-0.0001773090
0.0011769816
0.0025278100
0.0038810613
0.0052374533
0.0065975865
0.0079627643
0.0093347470
0.0107101792
0.0120732408
0.0133923174
0.0146351198
0.0158060946
0.0169303482
0.0179911897
0.0189610260
0.0198858853
0.0208118132
0.0217121657
0.0225439258
0.0232867887
0.0239598110
0.0245575537
0.0250428588
0.0254260297
0.0257306504
0.0259660494
0.0261009392
0.0260689284
0.0258705181
0.0255499654
0.0251214670
0.0245900633
0.0239706177
0.0232792651
0.0225124922
0.0216707831
0.0207881609
0.0198650036
0.0188625806
0.0177809571
0.0166698183
0.0155617069
0.0144554932
0.0133509655
0.0122511596
0.0111528805
0.0100373668
0.0088682588
0.0076136972
0.0062935967
0.0049594164
0.0036277124
0.0022894206
0.0009450680
-0.0003853856
-0.0016647472
-0.0028625006
-0.0039988844
-0.0051088522
-0.0061728505
-0.0071499224
-0.0080453965
-0.0088704810
-0.0096061310
-0.0102823423
-0.0109518509
-0.0116238795
-0.0122927802
-0.0129568328
-0.0136171285
-0.0142757171
-0.0149337495
-0.0155909684
-0.0162465032
-0.0169008053
-0.0175571627
-0.0182205655
-0.0188915860
-0.0195559977
-0.0201765936
-0.0207036294
-0.0211148231
-0.0214185635
-0.0216267869
-0.0217518719
-0.0217986193
-0.0217790043
-0.0216774437
-0.0214482358
-0.0210977786
-0.0206629895
-0.0201976310
-0.0197441181
-0.0192938784
-0.0188227964
-0.0183007463
-0.0177075272
-0.0170748410
-0.0164920207
-0.0159928357
-0.0155163448
-0.0150236342
-0.0145315551
-0.0140779855
-0.0137036260
-0.0134172822
-0.0131964545
-0.0130464686
-0.0129829284
-0.0129926647
-0.0130799874
-0.0132476902
-0.0134825313
-0.0137971557
-0.0141861157
-0.0146263394
-0.0151333183
-0.0157192808
-0.0163500003
-0.0169868692
-0.0176217972
-0.0182619756
-0.0189124641
-0.0195700947
-0.0202177005
-0.0208230236
-0.0213545261
-0.0218187038
-0.0222541304
-0.0226679021
-0.0230202502
-0.0232767649
-0.0234643199
-0.0235950361
-0.0236214304
-0.0235346438
-0.0233275166
-0.0229796792
-0.0224704521
-0.0218015571
-0.0209976747
-0.0200126364
-0.0187967769
-0.0173486573
-0.0156739350
-0.0137807433
-0.0116858818
-0.0094158512
-0.0069899718
-0.0044116707
-0.0017168124
0.0010421246
0.0038618653
0.0067382305
0.0096104669
0.0124214559
0.0151857080
0.0179448478
0.0206971986
0.0234039948
0.0260315539
0.0285938335
0.0311246569
0.0336109202
0.0360173151
0.0383552682
0.0406587617
0.0429146728
0.0450870808
0.0471843337
0.0492153956
0.0511396673
0.0529374903
0.0546096156
0.0561672313
0.0576453748
0.0590248545
0.0602196438
0.0611675346
0.0618732881
0.0623548654
0.0626137679
0.0626485443
0.0624549480
0.0620247822
0.0613521797
0.0604434890
0.0593240061
0.0580385154
0.0566305227
0.0550940594
0.0534019853
0.0515433587
0.0495572201
0.0475343895
0.0455149806
0.0434876360
0.0414474034
0.0394083980
0.0374046907
0.0354763758
0.0336327881
0.0318527190
0.0301440629
0.0285293435
0.0270065940
0.0255899558
0.0243061270
0.0231678977
0.0222001573
0.0214423111
0.0209017479
0.0205382152
0.0202955898
0.0201427915
0.0200678330
0.0200650859
0.0201505353
0.0203109222
0.0204972280
0.0206820462
0.0208470247
0.0209544657
0.0209676696
0.0208983579
0.0207684562
0.0205671556
0.0202665013
0.0198019647
0.0191201403
0.0182243219
0.0171412640
0.0159004564
0.0145174796
0.0129669855
0.0112461344
0.0094127355
0.0075062360
0.0055214535
0.0034271077
0.0012251396
-0.0010566308
-0.0033702446
-0.0056671380
-0.0079484658
-0.0102196898
-0.0124807021
-0.0147318127
-0.0169738712
-0.0192064520
-0.0214203348
-0.0235908502
-0.0256812224
-0.0276703393
-0.0295758305
-0.0314008453
-0.0331340011
-0.0348191154
-0.0364980688
-0.0381657320
-0.0398030317
-0.0413811322
-0.0428718842
-0.0442814193
-0.0456467760
-0.0469705812
-0.0482154040
-0.0493675939
-0.0504437306
-0.0514413401
-0.0523552429
-0.0532066644
-0.0539920867
-0.0546886723
-0.0552934676
-0.0558007679
-0.0562048715
-0.0565043464
-0.0566899865
-0.0567427506
-0.0566453688
-0.0564065523
-0.0560283379
-0.0555107591
-0.0548856868
-0.0541661581
-0.0533501054
-0.0524383531
-0.0514336475
-0.0503395522
-0.0491570936
-0.0478861182
-0.0465268482
-0.0450809227
-0.0435528219
-0.0419523863
-0.0402939402
-0.0385861693
-0.0368214539
-0.0350375818
-0.0332706695
-0.0314973376
-0.0296784092
-0.0277947106
-0.0258884033
-0.0240063454
-0.0221482286
-0.0203073920
-0.0184796367
-0.0166616689
-0.0148549386
-0.0130706852
-0.0113338047
-0.0096747372
-0.0081002549
-0.0065708546
-0.0050533801
-0.0035509994
-0.0020690180
-0.0006081145
0.0008327828
0.0022547991
0.0036569326
0.0050364830
0.0063922653
0.0077306106
0.0090697794
0.0104351270
0.0118371898
0.0132544923
0.0146558307
0.0160291793
0.0173753573
0.0186978276
0.0200074776
0.0213261501
0.0226766499
0.0240546053
0.0254255916
0.0267698474
0.0280896713
0.0293794468
0.0306193649
0.0317856932
0.0328746054
0.0338939725
0.0348298200
0.0356722206
0.0364331020
0.0371288181
0.0377659632
0.0383259743
0.0387952374
0.0391760601
0.0394710651
0.0396823072
0.0398140354
0.0398751013
0.0398780549
0.0398316466
0.0397293816
0.0395779316
0.0393956058
0.0391744842
0.0388978204
0.0385816171
0.0382451733
0.0378737389
0.0374502768
0.0369919000
0.0365191661
0.0360183333
0.0354691689
0.0348787202
0.0342558619
0.0335886615
0.0328833495
0.0321498941
0.0313780525
0.0305739579
0.0297416530
0.0288579140
0.0279119968
0.0268944964
0.0258056691
0.0246767403
0.0235231302
0.0223598054
0.0211951434
0.0200080087
0.0187895633
0.0175459248
0.0162804359
0.0150164784
0.0137777080
0.0125608396
0.0113621801
0.0101862975
0.0090462279
0.0079599512
0.0069354010
0.0059605566
0.0050321425
0.0041606964
0.0033406069
0.0025700774
0.0018523088
0.0011669942
0.0004972538
-0.0001540380
-0.0007849643
-0.0014008698
-0.0020148658
-0.0026436053
-0.0032904650
-0.0039309811
-0.0045372842
-0.0050969461
-0.0056100541
-0.0060962353
-0.0065709280
-0.0070319540
-0.0074764014
-0.0079038488
-0.0083150968
-0.0087112495
-0.0090925654
-0.0094581609
-0.0098068005
-0.0101390705
-0.0104599632
-0.0107795962
-0.0111080783
-0.0114429937
-0.0117683676
-0.0120743233
-0.0123622317
-0.0126353861
-0.0128981744
-0.0131554853
-0.0134078056
-0.0136440614
-0.0138498207
-0.0140240349
-0.0141686370
-0.0142830605
-0.0143710130
-0.0144295272
-0.0144531148
-0.0144437233
-0.0144038045
-0.0143347768
-0.0142379969
-0.0141146699
-0.0139659237
-0.0137930599
-0.0135983112
-0.0133852575
-0.0131585333
-0.0129216035
-0.0126735119
-0.0124132732
-0.0121438122
-0.0118652499
-0.0115808689
-0.0112987695
-0.0110221586
-0.0107503814
-0.0104830905
-0.0102203749
-0.0099622839
-0.0097086095
-0.0094590696
-0.0092140188
-0.0089753183
-0.0087465370
-0.0085309636
-0.0083273759
-0.0081329490
-0.0079488483
-0.0077751097
-0.0076095945
-0.0074524955
-0.0073021385
-0.0071552172
-0.0070128236
-0.0068777573
-0.0067481253
-0.0066193124
-0.0064895709
-0.0063592526
-0.0062287095
-0.0060981963
-0.0059678788
-0.0058378408
-0.0057078923
-0.0055770164
-0.0054430941
-0.0053039571
-0.0051597903
-0.0050116110
-0.0048602105
-0.0047062417
-0.0045500113
-0.0043916466
-0.0042310523
-0.0040683317
-0.0039046148
-0.0037427191
-0.0035834490
-0.0034253127
-0.0032682835
-0.0031136467
-0.0029631391
-0.0028181547
-0.0026782994
-0.0025424600
-0.0024098579
-0.0022808411
-0.0021566700
-0.0020379591
-0.0019242335
-0.0018146083
-0.0017083579
-0.0016056209
-0.0015073919
-0.0014144588
-0.0013269707
-0.0012445581
-0.0011666919
-0.0010928565
-0.0010226992
-0.0009563011
-0.0008939199
-0.0008356595
-0.0007810940
-0.0007297712
-0.0006816703
-0.0006365733
-0.0005943017
-0.0005550486
-0.0005187156
-0.0004848740
-0.0004533390
-0.0004239586
-0.0003963538
-0.0003702924
-0.0003456336
-0.0003222207
-0.0002999285
-0.0002785717
-0.0002580457
-0.0002383797
-0.0002196368
-0.0002018279
-0.0001848389
-0.0001685608
-0.0001530114
-0.0001382322
-0.0001241966
-0.0001108264
-0.0000980795
-0.0000859672
-0.0000745129
-0.0000637290
-0.0000535973
-0.0000440796
-0.0000351551
-0.0000268238
-0.0000190881
-0.0000119482
-0.0000054024
0.0000005531
0.0000059233
0.0000107148
0.0000149351
0.0000185890
0.0000216769
0.0000242009
0.0000261690
0.0000275911
0.0000284770
0.0000288366
0.0000286804
0.0000280184
0.0000268607
0.0000252181
0.0000231023
0.0000205250
0.0000174980
0.0000140332
0.0000101425
0.0000058380
0.0000011320
-0.0000039636
-0.0000094366
