PARKFIELD C02090 Earthquake
4215,0.005
0.0000000000
-0.0000144392
-0.0000289720
-0.0000432278
-0.0000571096
-0.0000706919
-0.0000842107
-0.0000986793
-0.0001159359
-0.0001373875
-0.0001616381
-0.0001856973
-0.0002070058
-0.0002239499
-0.0002388219
-0.0002545863
-0.0002713331
-0.0002885862
-0.0003056483
-0.0003214828
-0.0003354960
-0.0003490682
-0.0003670334
-0.0003969146
-0.0004427182
-0.0004945978
-0.0005358290
-0.0005551646
-0.0005516148
-0.0005329261
-0.0005202952
-0.0005424145
-0.0006115478
-0.0007207918
-0.0008452867
-0.0009467738
-0.0010002193
-0.0010077116
-0.0009900621
-0.0009837468
-0.0010274024
-0.0011473424
-0.0013427706
-0.0015777843
-0.0018026842
-0.0019769770
-0.0020840481
-0.0021403417
-0.0021825156
-0.0022488401
-0.0023641193
-0.0025257621
-0.0027049688
-0.0028542409
-0.0029306386
-0.0029233449
-0.0028522865
-0.0027513515
-0.0026635405
-0.0026340778
-0.0026826905
-0.0027903488
-0.0029178830
-0.0030221570
-0.0030712247
-0.0030606917
-0.0030155639
-0.0029761619
-0.0029760967
-0.0030230092
-0.0030969888
-0.0031768382
-0.0032509643
-0.0033122037
-0.0033656710
-0.0034223312
-0.0034927683
-0.0035920069
-0.0037276926
-0.0038852094
-0.0040344641
-0.0041467299
-0.0042052708
-0.0042182305
-0.0042152458
-0.0042286148
-0.0042864101
-0.0043997729
-0.0045548035
-0.0047241977
-0.0048837288
-0.0050168000
-0.0051261813
-0.0052328950
-0.0053466234
-0.0054639341
-0.0055776873
-0.0056770052
-0.0057505738
-0.0057955087
-0.0058215013
-0.0058449991
-0.0058733687
-0.0058982724
-0.0059025053
-0.0058677064
-0.0057888222
-0.0056784321
-0.0055668167
-0.0055161631
-0.0055965319
-0.0058352611
-0.0061855633
-0.0065415721
-0.0067945930
-0.0068795778
-0.0068182300
-0.0067164886
-0.0066610402
-0.0066547966
-0.0066380594
-0.0065379267
-0.0063176043
-0.0059847233
-0.0055710325
-0.0051172723
-0.0046650681
-0.0042349969
-0.0038256837
-0.0034311148
-0.0030430107
-0.0026507688
-0.0022509412
-0.0018483627
-0.0014634826
-0.0011382975
-0.0009213046
-0.0008481786
-0.0009269359
-0.0011253227
-0.0013939872
-0.0016965988
-0.0019981255
-0.0022542206
-0.0024374274
-0.0025634193
-0.0026786445
-0.0028319144
-0.0030562689
-0.0033562049
-0.0037045200
-0.0040584336
-0.0043825892
-0.0046603109
-0.0048833568
-0.0050292772
-0.0050676473
-0.0049933405
-0.0048300144
-0.0046218997
-0.0044214932
-0.0042722844
-0.0041818685
-0.0041259395
-0.0040742577
-0.0039886864
-0.0038503834
-0.0036681329
-0.0034655566
-0.0032736419
-0.0031155095
-0.0030000626
-0.0029266791
-0.0028941199
-0.0029011307
-0.0029450317
-0.0030230693
-0.0031335361
-0.0032780489
-0.0034530466
-0.0036371669
-0.0038053981
-0.0039496715
-0.0040723010
-0.0041775196
-0.0042762736
-0.0043854577
-0.0045230708
-0.0046969189
-0.0049004648
-0.0051241814
-0.0053567128
-0.0055763508
-0.0057596017
-0.0058935997
-0.0059688689
-0.0059761549
-0.0059159812
-0.0057979063
-0.0056433677
-0.0054805345
-0.0053338549
-0.0052353098
-0.0052179521
-0.0052976064
-0.0054730631
-0.0057231679
-0.0059962481
-0.0062223579
-0.0063486793
-0.0063802658
-0.0063680549
-0.0063515341
-0.0063390006
-0.0063231655
-0.0062967503
-0.0062567781
-0.0062073277
-0.0061628705
-0.0061321123
-0.0061074888
-0.0060791557
-0.0060386802
-0.0059788717
-0.0059044638
-0.0058323093
-0.0057815019
-0.0057708958
-0.0058182867
-0.0059400199
-0.0061399356
-0.0063903649
-0.0066389704
-0.0068392713
-0.0069687271
-0.0070265247
-0.0070318643
-0.0070169146
-0.0070091335
-0.0070190076
-0.0070413737
-0.0070666919
-0.0070884321
-0.0071021843
-0.0071106389
-0.0071227952
-0.0071484510
-0.0071986251
-0.0072761817
-0.0073801779
-0.0075006996
-0.0076123762
-0.0076831129
-0.0077022760
-0.0076798603
-0.0076402175
-0.0076211238
-0.0076541197
-0.0077638851
-0.0079485010
-0.0081770264
-0.0084101545
-0.0086140905
-0.0087623526
-0.0088500638
-0.0088959442
-0.0089296352
-0.0089778157
-0.0090447058
-0.0091243438
-0.0092172595
-0.0093264351
-0.0094545458
-0.0095980020
-0.0097456158
-0.0098871605
-0.0100126936
-0.0101132278
-0.0101834617
-0.0102202871
-0.0102305747
-0.0102302076
-0.0102333837
-0.0102465474
-0.0102591377
-0.0102537078
-0.0102213570
-0.0101590549
-0.0100647510
-0.0099475032
-0.0098275432
-0.0097130276
-0.0095947663
-0.0094517696
-0.0092561674
-0.0089895951
-0.0086514910
-0.0082531964
-0.0078376921
-0.0074826321
-0.0072807104
-0.0072988701
-0.0075274870
-0.0078822461
-0.0082737995
-0.0086577492
-0.0090059471
-0.0092864879
-0.0094689694
-0.0095521153
-0.0095607483
-0.0095088012
-0.0094064556
-0.0092672549
-0.0090916548
-0.0088625957
-0.0085646219
-0.0081966404
-0.0077679455
-0.0072984777
-0.0068148620
-0.0063479214
-0.0059287613
-0.0055754977
-0.0052886748
-0.0050560359
-0.0048533722
-0.0046510318
-0.0044260430
-0.0041675880
-0.0038722084
-0.0035392584
-0.0031691141
-0.0027629904
-0.0023199024
-0.0018301904
-0.0012825171
-0.0006795973
-0.0000320937
0.0006464204
0.0013323894
0.0020023531
0.0026410135
0.0032314190
0.0037595776
0.0042319303
0.0046767802
0.0051291267
0.0056203847
0.0061743373
0.0067867781
0.0074142495
0.0079916305
0.0084582763
0.0087742942
0.0089175036
0.0088876645
0.0087090239
0.0084021296
0.0079783494
0.0074605094
0.0068705489
0.0062143246
0.0054909960
0.0047105408
0.0039072283
0.0031308799
0.0024271334
0.0018278717
0.0013658765
0.0010758176
0.0009653696
0.0010226962
0.0012230566
0.0015331684
0.0019251996
0.0023734827
0.0028559410
0.0033447804
0.0038104783
0.0042409894
0.0046462801
0.0050458360
0.0054553210
0.0058892402
0.0063610170
0.0068647552
0.0073708497
0.0078391728
0.0082284811
0.0084959807
0.0085915398
0.0084831737
0.0081826677
0.0077261388
0.0071498913
0.0064732463
0.0057036951
0.0048591894
0.0039460896
0.0029549003
0.0019044667
0.0008471312
-0.0001440571
-0.0009951001
-0.0016387844
-0.0020259676
-0.0021301659
-0.0019614903
-0.0015901796
-0.0010738556
-0.0004290490
0.0003261867
0.0011654273
0.0020483931
0.0029251098
0.0037559117
0.0045220717
0.0052233003
0.0058552510
0.0064100750
0.0068834207
0.0072598715
0.0075341862
0.0077093225
0.0077761963
0.0077332102
0.0075949006
0.0073855387
0.0071374766
0.0068795712
0.0066226125
0.0063674242
0.0061125786
0.0058473446
0.0055470959
0.0051861606
0.0047698194
0.0043271435
0.0038857430
0.0034670708
0.0030809175
0.0027181209
0.0023565338
0.0019911435
0.0016419192
0.0013411665
0.0011185905
0.0009942449
0.0009935611
0.0011479310
0.0014585513
0.0018880828
0.0023728763
0.0028548037
0.0033044703
0.0036987229
0.0040215167
0.0042707492
0.0044711063
0.0046505149
0.0048123335
0.0049691379
0.0051435237
0.0053488170
0.0056052078
0.0059259477
0.0062852590
0.0066374924
0.0069437083
0.0071717284
0.0072893733
0.0072870178
0.0071920730
0.0070311686
0.0068097346
0.0065331691
0.0062113392
0.0058514050
0.0054624561
0.0050558207
0.0046558289
0.0042952373
0.0039998189
0.0037928622
0.0036905166
0.0036918602
0.0037780187
0.0039276738
0.0041342371
0.0044097258
0.0047735294
0.0052324632
0.0057886841
0.0064406703
0.0071733901
0.0079781577
0.0088543857
0.0097921347
0.0107773567
0.0117977493
0.0128543458
0.0139562544
0.0151063360
0.0163104754
0.0175795086
0.0189244274
0.0203553530
0.0218806065
0.0235067528
0.0252387915
0.0270779088
0.0290336297
0.0311205882
0.0333386733
0.0356907530
0.0381823114
0.0408061442
0.0435651972
0.0464621990
0.0494810447
0.0526126891
0.0558559898
0.0592041853
0.0626402321
0.0661362991
0.0696732887
0.0732430941
0.0768393579
0.0804531062
0.0840673208
0.0876668211
0.0912495884
0.0948208168
0.0983806736
0.1019273594
0.1054621533
0.1089760743
0.1124512182
0.1158731710
0.1192267846
0.1224946342
0.1256642672
0.1287261345
0.1316666170
0.1344636869
0.1370911148
0.1395171829
0.1416940554
0.1435877325
0.1451895081
0.1464777431
0.1474372324
0.1480655734
0.1483469932
0.1482818833
0.1478912642
0.1472064345
0.1462643398
0.1450917263
0.1437146745
0.1421599807
0.1404528304
0.1386327424
0.1367337384
0.1347606250
0.1327103526
0.1305800518
0.1283711810
0.1260941518
0.1237510074
0.1213346387
0.1188328951
0.1162362046
0.1135505041
0.1107736316
0.1078931529
0.1049142966
0.1018448666
0.0986722525
0.0953677200
0.0919018644
0.0882554032
0.0844057175
0.0803120978
0.0759615233
0.0713731365
0.0665429926
0.0614541061
0.0561139699
0.0505575962
0.0448196483
0.0389299926
0.0329178530
0.0268171696
0.0206823284
0.0145669716
0.0084949619
0.0024772800
-0.0034676642
-0.0093283506
-0.0151032667
-0.0207891744
-0.0263797995
-0.0318686138
-0.0372535789
-0.0425346572
-0.0477084735
-0.0527567149
-0.0576517611
-0.0623871625
-0.0669747498
-0.0714342472
-0.0757846889
-0.0800349314
-0.0841978682
-0.0882823238
-0.0922826860
-0.0962017337
-0.1000529185
-0.1038599592
-0.1076778621
-0.1115781123
-0.1156242923
-0.1198680421
-0.1243448834
-0.1290525741
-0.1339710362
-0.1390945773
-0.1444159170
-0.1499132161
-0.1555419895
-0.1612412057
-0.1669329898
-0.1725262484
-0.1779416640
-0.1831063737
-0.1879254535
-0.1922909985
-0.1961235887
-0.1993345516
-0.2018188146
-0.2035626129
-0.2046198146
-0.2050100699
-0.2047639388
-0.2039878225
-0.2028526329
-0.2015426064
-0.2001902221
-0.1988679696
-0.1975909074
-0.1963044763
-0.1948872827
-0.1931810253
-0.1910266687
-0.1883007932
-0.1848846122
-0.1806342487
-0.1754778516
-0.1693838158
-0.1623579233
-0.1544721383
-0.1458102240
-0.1365885343
-0.1270397880
-0.1172965229
-0.1075272697
-0.0979034037
-0.0885416677
-0.0794994405
-0.0707699118
-0.0623294487
-0.0541402228
-0.0461382422
-0.0382509360
-0.0304345389
-0.0227053154
-0.0151004122
-0.0076765564
-0.0005249506
0.0062279805
0.0123706815
0.0176210617
0.0217844459
0.0248580306
0.0270025251
0.0283726660
0.0290934405
0.0293649699
0.0294044981
0.0294249974
0.0296496057
0.0302367168
0.0312085394
0.0324929669
0.0339817374
0.0355430146
0.0370521794
0.0384124277
0.0395595325
0.0404754083
0.0411947798
0.0417896694
0.0423340858
0.0428874640
0.0434872620
0.0441335851
0.0447942401
0.0454281293
0.0459907606
0.0464247686
0.0466548217
0.0466095818
0.0462504539
0.0455737868
0.0445837687
0.0432831948
0.0417021825
0.0398828397
0.0378437887
0.0355904908
0.0331154500
0.0303846423
0.0273710833
0.0240794805
0.0205413715
0.0168309994
0.0130396980
0.0092376296
0.0054769728
0.0017943373
-0.0017861534
-0.0052291802
-0.0084801459
-0.0114959414
-0.0142503302
-0.0167272593
-0.0189295453
-0.0208510416
-0.0224526811
-0.0236607933
-0.0244007404
-0.0246989634
-0.0246419014
-0.0242839168
-0.0236770817
-0.0228345495
-0.0217310633
-0.0203798625
-0.0188276972
-0.0171319397
-0.0153424821
-0.0134926308
-0.0116146852
-0.0097285606
-0.0078457008
-0.0059945916
-0.0042151833
-0.0025509264
-0.0010327913
0.0003241618
0.0015105123
0.0025213148
0.0033657533
0.0040914518
0.0047517511
0.0053767853
0.0059891874
0.0066008918
0.0072153546
0.0078313440
0.0084357225
0.0090054688
0.0095092857
0.0099199645
0.0102273896
0.0104141655
0.0104562681
0.0103428797
0.0100572494
0.0095801451
0.0089190263
0.0080895111
0.0071030967
0.0059797612
0.0047394058
0.0034038720
0.0019928860
0.0005240614
-0.0009767910
-0.0024896264
-0.0040061134
-0.0055124945
-0.0069797197
-0.0083767648
-0.0096859069
-0.0109027201
-0.0120341139
-0.0130854027
-0.0140599988
-0.0149753298
-0.0158501688
-0.0167012935
-0.0175531307
-0.0184314298
-0.0193581699
-0.0203482449
-0.0214082995
-0.0225414946
-0.0237417186
-0.0249823122
-0.0262265755
-0.0274308127
-0.0285283100
-0.0294348176
-0.0300702838
-0.0303859364
-0.0303685500
-0.0300343022
-0.0294269562
-0.0285933721
-0.0275852226
-0.0264642789
-0.0252811517
-0.0240719005
-0.0228617640
-0.0216636788
-0.0204752018
-0.0192806324
-0.0180581428
-0.0167798602
-0.0154105035
-0.0139150214
-0.0122653117
-0.0104558681
-0.0085285945
-0.0065428517
-0.0045520202
-0.0026256656
-0.0008238333
0.0008344355
0.0023563990
0.0037679973
0.0051198266
0.0064627401
0.0078295392
0.0092459799
0.0107386402
0.0123295759
0.0140161710
0.0157687672
0.0175535709
0.0193360719
0.0210746041
0.0227331371
0.0242931617
0.0257572778
0.0271525949
0.0285156829
0.0298798842
0.0312770311
0.0327257084
0.0342246096
0.0357488263
0.0372610908
0.0387171215
0.0400568468
0.0412227983
0.0421898183
0.0429356861
0.0434281154
0.0436716049
0.0436907402
0.0435064902
0.0431598048
0.0426992494
0.0421539431
0.0415249574
0.0407917462
0.0399269996
0.0388962751
0.0376584653
0.0361792392
0.0344207972
0.0323434478
0.0299595294
0.0273224084
0.0245010805
0.0215728147
0.0186037693
0.0156642035
0.0128278273
0.0101510212
0.0076495826
0.0053117069
0.0031291372
0.0010805747
-0.0008578865
-0.0026939992
-0.0044255552
-0.0060354571
-0.0075010619
-0.0087947635
-0.0098840499
-0.0107600693
-0.0114299755
-0.0119016937
-0.0122163235
-0.0124266560
-0.0125586083
-0.0126371609
-0.0126908086
-0.0127262143
-0.0127359544
-0.0127202993
-0.0126823345
-0.0126202931
-0.0125253868
-0.0123852393
-0.0121960212
-0.0119622372
-0.0116983856
-0.0114298813
-0.0111817493
-0.0109711530
-0.0108197775
-0.0107448727
-0.0107491016
-0.0108377468
-0.0110073854
-0.0112458067
-0.0115402602
-0.0118705541
-0.0122137884
-0.0125483736
-0.0128555934
-0.0131222269
-0.0133408367
-0.0135037218
-0.0136076680
-0.0136670053
-0.0137020341
-0.0137164130
-0.0137074371
-0.0136734361
-0.0136126667
-0.0135217171
-0.0133963740
-0.0132370070
-0.0130394531
-0.0127961612
-0.0125078190
-0.0121686571
-0.0117648127
-0.0112893530
-0.0107393635
-0.0101150037
-0.0094069231
-0.0085976905
-0.0076821916
-0.0066613830
-0.0055279324
-0.0042800360
-0.0029296055
-0.0014831612
0.0000537239
0.0016602474
0.0033159974
0.0050080081
0.0067200843
0.0084361431
0.0101464765
0.0118449249
0.0135317236
0.0152159995
0.0169049081
0.0185940542
0.0202750936
0.0219414148
0.0235835701
0.0251963001
0.0267806831
0.0283266048
0.0298128114
0.0312271887
0.0325660727
0.0338297847
0.0350301259
0.0361822198
0.0372979207
0.0383949607
0.0394968869
0.0406271733
0.0418054431
0.0430428487
0.0443403911
0.0456964661
0.0471113747
0.0485711558
0.0500450264
0.0515007042
0.0529124119
0.0542615352
0.0555319419
0.0567079813
0.0577747241
0.0587173811
0.0595217467
0.0601785924
0.0606885347
0.0610576668
0.0612839843
0.0613635096
0.0613007841
0.0610969749
0.0607511788
0.0602570213
0.0595995345
0.0587651618
0.0577329517
0.0564830804
0.0550073315
0.0532967709
0.0513560755
0.0492202286
0.0469374716
0.0445551546
0.0421103244
0.0396320817
0.0371505301
0.0346949825
0.0322934813
0.0299639371
0.0277134386
0.0255458489
0.0234643109
0.0214806332
0.0196071222
0.0178494672
0.0162231887
0.0147530702
0.0134631884
0.0123596504
0.0114142345
0.0105872063
0.0098467527
0.0091628340
0.0085095025
0.0078599079
0.0071824533
0.0064493120
0.0056438432
0.0047490178
0.0037448723
0.0026176210
0.0013450816
-0.0000916842
-0.0016866107
-0.0034241225
-0.0052958623
-0.0072833920
-0.0093530743
-0.0114783563
-0.0136419257
-0.0158208768
-0.0179860468
-0.0201168711
-0.0221939446
-0.0241926383
-0.0260779713
-0.0278103716
-0.0293691890
-0.0307405877
-0.0319134326
-0.0328767822
-0.0336234532
-0.0341780718
-0.0345734230
-0.0348311520
-0.0349953236
-0.0351188340
-0.0352307915
-0.0353414805
-0.0354542071
-0.0355697505
-0.0356779639
-0.0357636573
-0.0358207843
-0.0358503222
-0.0358470547
-0.0358126289
-0.0357699521
-0.0357439561
-0.0357569615
-0.0358274277
-0.0359652853
-0.0361708019
-0.0364401009
-0.0367610994
-0.0371125917
-0.0374739927
-0.0378249308
-0.0381433383
-0.0384043919
-0.0385818670
-0.0386542544
-0.0386150735
-0.0384863356
-0.0382977829
-0.0380574214
-0.0377562872
-0.0373737381
-0.0368951946
-0.0363188810
-0.0356486828
-0.0348929100
-0.0340454389
-0.0330887799
-0.0320274717
-0.0308829157
-0.0296789967
-0.0284423223
-0.0272046110
-0.0259987585
-0.0248451528
-0.0237508504
-0.0227104219
-0.0217153306
-0.0207628268
-0.0198449430
-0.0189438662
-0.0180420345
-0.0171251853
-0.0161795178
-0.0152047735
-0.0142171309
-0.0132292566
-0.0122454294
-0.0112718728
-0.0103157133
-0.0093734333
-0.0084318297
-0.0074792104
-0.0065067033
-0.0055116294
-0.0044972409
-0.0034695286
-0.0024370252
-0.0014074490
-0.0003929093
0.0005876186
0.0015204994
0.0023927183
0.0031868861
0.0038954189
0.0045166690
0.0050518378
0.0055060750
0.0058771369
0.0061630661
0.0063661778
0.0064850868
0.0065241859
0.0064933181
0.0063977707
0.0062423766
0.0060363765
0.0057893689
0.0055127016
0.0052208991
0.0049294916
0.0046525294
0.0043948749
0.0041576963
0.0039481265
0.0037782121
0.0036558608
0.0035786847
0.0035371782
0.0035160208
0.0035011682
0.0034868237
0.0034685938
0.0034361426
0.0033788609
0.0032907292
0.0031705403
0.0030304056
0.0028921216
0.0027704358
0.0026705301
0.0025949854
0.0025494555
0.0025328052
0.0025359792
0.0025559519
0.0025903261
0.0026399682
0.0027099843
0.0027964690
0.0028978049
0.0030212275
0.0031786021
0.0033861186
0.0036520299
0.0039855716
0.0043971320
0.0048837193
0.0054435299
0.0060859253
0.0068135807
0.0076121524
0.0084642977
0.0093618689
0.0103011836
0.0112724748
0.0122646217
0.0132735676
0.0142969146
0.0153375306
0.0164026868
0.0174800415
0.0185435816
0.0195653390
0.0205150432
0.0213646055
0.0220986705
0.0227025315
0.0231561523
0.0234533956
0.0235842204
0.0235404876
0.0233579667
0.0230929163
0.0227806705
0.0224407914
0.0220843610
0.0217067680
0.0212893344
0.0208217702
0.0203026560
0.0197283776
0.0191004682
0.0184377810
0.0177595457
0.0170866074
0.0164471591
0.0158535581
0.0153094472
0.0148190504
0.0143765077
0.0139543496
0.0135277970
0.0130859322
0.0126131532
0.0121000918
0.0115457989
0.0109505828
0.0103206377
0.0096664887
0.0089947042
0.0083124467
0.0076245243
0.0069214770
0.0061885382
0.0054218580
0.0046278526
0.0038052946
0.0029508297
0.0020684605
0.0011558329
0.0002105454
-0.0007598442
-0.0017523537
-0.0027673517
-0.0038049522
-0.0048656448
-0.0059497229
-0.0070568172
-0.0081855769
-0.0093337057
-0.0104988096
-0.0116798205
-0.0128698990
-0.0140621181
-0.0152517388
-0.0164304688
-0.0175887405
-0.0187254984
-0.0198430551
-0.0209425305
-0.0220223155
-0.0230769666
-0.0241083408
-0.0251267942
-0.0261400443
-0.0271446386
-0.0281334207
-0.0291069430
-0.0300663059
-0.0309997568
-0.0318920985
-0.0327336416
-0.0335129957
-0.0342154670
-0.0348216114
-0.0353139991
-0.0356880664
-0.0359535041
-0.0361344000
-0.0362501553
-0.0363062741
-0.0363123497
-0.0362848900
-0.0362366978
-0.0361824420
-0.0361404825
-0.0361166010
-0.0361078532
-0.0361152962
-0.0361399925
-0.0361814396
-0.0362351465
-0.0362950611
-0.0363644385
-0.0364518158
-0.0365581286
-0.0366803236
-0.0368206249
-0.0369827105
-0.0371681440
-0.0373680295
-0.0375584832
-0.0377107617
-0.0378031773
-0.0378300737
-0.0377924065
-0.0376872978
-0.0375097083
-0.0372577039
-0.0369381794
-0.0365557220
-0.0361091142
-0.0356023128
-0.0350374143
-0.0344113731
-0.0337196597
-0.0329519765
-0.0321016483
-0.0311644761
-0.0301267131
-0.0289827419
-0.0277448771
-0.0264253076
-0.0250311949
-0.0235676604
-0.0220405966
-0.0204659037
-0.0188664775
-0.0172647597
-0.0156821571
-0.0141387848
-0.0126468416
-0.0112052592
-0.0098073794
-0.0084469629
-0.0071186135
-0.0058132929
-0.0045221753
-0.0032471249
-0.0019909235
-0.0007496460
0.0004762649
0.0016852389
0.0028823659
0.0040693535
0.0052473597
0.0064275308
0.0076206428
0.0088298420
0.0100630378
0.0113280656
0.0126151359
0.0139059935
0.0151892178
0.0164567572
0.0177011704
0.0189167803
0.0200963678
0.0212379454
0.0223459352
0.0234193308
0.0244532648
0.0254435117
0.0263767131
0.0272410891
0.0280397954
0.0287784652
0.0294600078
0.0300814584
0.0306394270
0.0311386193
0.0315834917
0.0319811587
0.0323438326
0.0326774053
0.0329887192
0.0332857456
0.0335636562
0.0338153726
0.0340433276
0.0342549460
0.0344613695
0.0346727000
0.0348951424
0.0351336361
0.0353891499
0.0356623087
0.0359550810
0.0362676356
0.0366026362
0.0369656622
0.0373629267
0.0377920173
0.0382420159
0.0387076246
0.0391862446
0.0396797265
0.0401912370
0.0407120900
0.0412336973
0.0417549483
0.0422721760
0.0427772785
0.0432620395
0.0437214594
0.0441444637
0.0445157598
0.0448229871
0.0450556922
0.0452141519
0.0453013041
0.0453074723
0.0452243263
0.0450544984
0.0448022648
0.0444689494
0.0440553037
0.0435744413
0.0430354376
0.0424338548
0.0417725890
0.0410518519
0.0402654794
0.0394147090
0.0385017064
0.0375349707
0.0365254500
0.0354720894
0.0343688303
0.0332069290
0.0319792741
0.0306896896
0.0293410517
0.0279319237
0.0264793022
0.0250043051
0.0235105929
0.0220045405
0.0204951766
0.0189831207
0.0174719419
0.0159713687
0.0144929107
0.0130411062
0.0116227961
0.0102446498
0.0089032721
0.0075968802
0.0063211426
0.0050800371
0.0038832720
0.0027303837
0.0016213914
0.0005612452
-0.0004403109
-0.0013753781
-0.0022554877
-0.0030984451
-0.0039109494
-0.0046989605
-0.0054633450
-0.0062027486
-0.0069168858
-0.0076066382
-0.0082762748
-0.0089346151
-0.0095914151
-0.0102480238
-0.0109032680
-0.0115574957
-0.0122120779
-0.0128682085
-0.0135248241
-0.0141769167
-0.0148160499
-0.0154365690
-0.0160463065
-0.0166571636
-0.0172705020
-0.0178809273
-0.0184791689
-0.0190556029
-0.0196091414
-0.0201412452
-0.0206517442
-0.0211401670
-0.0216072545
-0.0220554827
-0.0224881310
-0.0229085979
-0.0233137404
-0.0237030295
-0.0240772019
-0.0244271039
-0.0247449437
-0.0250326299
-0.0252881550
-0.0255057788
-0.0256898602
-0.0258500927
-0.0259858763
-0.0260857595
-0.0261364997
-0.0261351903
-0.0260911106
-0.0260064183
-0.0258693429
-0.0256631360
-0.0253775388
-0.0250169044
-0.0245908310
-0.0241058887
-0.0235705954
-0.0229903837
-0.0223653070
-0.0216960107
-0.0209826881
-0.0202246107
-0.0194216749
-0.0185722984
-0.0176757484
-0.0167390540
-0.0157779917
-0.0148101306
-0.0138422566
-0.0128718334
-0.0118974021
-0.0109208249
-0.0099478688
-0.0089876603
-0.0080469526
-0.0071205055
-0.0062052386
-0.0053078157
-0.0044245369
-0.0035531376
-0.0027010294
-0.0018648931
-0.0010418282
-0.0002363011
0.0005606012
0.0013584040
0.0021526959
0.0029352414
0.0037002590
0.0044513450
0.0051889903
0.0058997976
0.0065744264
0.0072101381
0.0077965872
0.0083306235
0.0088193367
0.0092601353
0.0096436126
0.0099640291
0.0102294019
0.0104518134
0.0106325698
0.0107688063
0.0108594900
0.0109045533
0.0109036123
0.0108555633
0.0107596506
0.0106189427
0.0104442727
0.0102529534
0.0100577378
0.0098603275
0.0096591553
0.0094566181
0.0092598690
0.0090774985
0.0089106790
0.0087457816
0.0085616424
0.0083458767
0.0080981634
0.0078146481
0.0074845843
0.0071117763
0.0067133973
0.0062970170
0.0058607263
0.0053989430
0.0049059420
0.0043758109
0.0038078081
0.0032104243
0.0025858229
0.0019227441
0.0012117165
0.0004556564
-0.0003368533
-0.0011555842
-0.0019974706
-0.0028759368
-0.0038077127
-0.0047974754
-0.0058344967
-0.0068887917
-0.0079400340
-0.0089908843
-0.0100445549
-0.0111012034
-0.0121598735
-0.0132192573
-0.0142784807
-0.0153371092
-0.0163950884
-0.0174526801
-0.0185106104
-0.0195699117
-0.0206309245
-0.0216911454
-0.0227428886
-0.0237749406
-0.0247791916
-0.0257435407
-0.0266537573
-0.0275085861
-0.0283073031
-0.0290361453
-0.0296806474
-0.0302352314
-0.0306956868
-0.0310546350
-0.0313083286
-0.0314685423
-0.0315564791
-0.0315810865
-0.0315399273
-0.0314266526
-0.0312338866
-0.0309655109
-0.0306310006
-0.0302339790
-0.0297766333
-0.0292593566
-0.0286880530
-0.0280797941
-0.0274429904
-0.0267741020
-0.0260763777
-0.0253557033
-0.0246105442
-0.0238430577
-0.0230596592
-0.0222676825
-0.0214687036
-0.0206538487
-0.0198199787
-0.0189777143
-0.0181367971
-0.0172974718
-0.0164584056
-0.0156174996
-0.0147708934
-0.0139143411
-0.0130483821
-0.0121841123
-0.0113217237
-0.0104463149
-0.0095615129
-0.0086778651
-0.0077915842
-0.0068934529
-0.0059767912
-0.0050465603
-0.0041055011
-0.0031468780
-0.0021753399
-0.0012019143
-0.0002325108
0.0007252154
0.0016620135
0.0025765846
0.0034702573
0.0043431992
0.0051941437
0.0060192905
0.0068115743
0.0075626572
0.0082703735
0.0089342653
0.0095536806
0.0101272873
0.0106526078
0.0111271896
0.0115509330
0.0119296512
0.0122700568
0.0125755825
0.0128504754
0.0130944821
0.0133047981
0.0134865090
0.0136465003
0.0137896048
0.0139245345
0.0140583661
0.0141941155
0.0143375243
0.0144952073
0.0146718174
0.0148740222
0.0151082419
0.0153701412
0.0156506273
0.0159456197
0.0162526164
0.0165742401
0.0169136074
0.0172617883
0.0176105986
0.0179604487
0.0183103632
0.0186550961
0.0189867350
0.0193009342
0.0196020201
0.0198908386
0.0201629421
0.0204215597
0.0206659092
0.0208886037
0.0210907141
0.0212749918
0.0214474323
0.0216118787
0.0217616141
0.0218974917
0.0220263919
0.0221444947
0.0222395186
0.0223068235
0.0223424687
0.0223464103
0.0223299945
0.0222964596
0.0222479206
0.0221854174
0.0221045996
0.0220152861
0.0219278045
0.0218373030
0.0217341121
0.0216116853
0.0214763031
0.0213394225
0.0212065835
0.0210848112
0.0209836660
0.0209057674
0.0208511211
0.0208195612
0.0208076697
0.0208070268
0.0208081112
0.0208097461
0.0208135310
0.0208202448
0.0208299429
0.0208410190
0.0208496429
0.0208496560
0.0208350756
0.0208061858
0.0207633308
0.0206963731
0.0205973530
0.0204698570
0.0203152379
0.0201311634
0.0199204667
0.0196832241
0.0194135771
0.0191083656
0.0187652867
0.0183828876
0.0179665530
0.0175198989
0.0170460794
0.0165494415
0.0160273631
0.0154762119
0.0148958082
0.0142934773
0.0136760981
0.0130361979
0.0123658825
0.0116729788
0.0109682947
0.0102499949
0.0095148970
0.0087724148
0.0080303856
0.0072866106
0.0065389259
0.0057893293
0.0050467392
0.0043271988
0.0036453670
0.0030013864
0.0023846045
0.0017908702
0.0012311655
0.0007178089
0.0002507406
-0.0001780548
-0.0005814565
-0.0009717697
-0.0013575741
-0.0017422878
-0.0021248859
-0.0025053226
-0.0028849275
-0.0032652624
-0.0036466750
-0.0040262148
-0.0043954040
-0.0047426190
-0.0050625323
-0.0053523192
-0.0056129217
-0.0058552795
-0.0060836255
-0.0062932272
-0.0064792346
-0.0066347943
-0.0067618483
-0.0068742659
-0.0069760741
-0.0070576076
-0.0071145997
-0.0071505399
-0.0071724803
-0.0071896579
-0.0072060960
-0.0072239300
-0.0072501326
-0.0072942586
-0.0073600225
-0.0074471115
-0.0075573113
-0.0076954046
-0.0078668070
-0.0080724153
-0.0083151533
-0.0085961508
-0.0089093356
-0.0092519031
-0.0096192526
-0.0100059233
-0.0104164966
-0.0108561473
-0.0113222143
-0.0118097750
-0.0123163712
-0.0128400836
-0.0133815125
-0.0139424398
-0.0145225822
-0.0151186258
-0.0157215791
-0.0163255743
-0.0169294942
-0.0175282844
-0.0181127215
-0.0186761966
-0.0192210276
-0.0197493065
-0.0202575146
-0.0207327869
-0.0211600077
-0.0215448295
-0.0218918831
-0.0221831971
-0.0224025205
-0.0225366895
-0.0225741519
-0.0225216328
-0.0223807101
-0.0221512397
-0.0218349349
-0.0214252044
-0.0209364575
-0.0203856996
-0.0197807509
-0.0191253439
-0.0184103891
-0.0176289982
-0.0167878212
-0.0158915877
-0.0149349577
-0.0139230268
-0.0128680205
-0.0117784926
-0.0106621091
-0.0095218519
-0.0083644818
-0.0072050326
-0.0060615681
-0.0049585548
-0.0039146139
-0.0029317824
-0.0020146883
-0.0011784577
-0.0004244986
0.0002493233
0.0008376094
0.0013446147
0.0017807117
0.0021520697
0.0024676346
0.0027401644
0.0029766892
0.0031839938
0.0033693528
0.0035415626
0.0037106902
0.0038781535
0.0040359371
0.0041730105
0.0042830439
0.0043627511
0.0044101064
0.0044306862
0.0044311633
0.0044182149
0.0044010955
0.0043836519
0.0043654901
0.0043468136
0.0043282625
0.0043098040
0.0042886638
0.0042581997
0.0042117105
0.0041514646
0.0040873115
0.0040237277
0.0039592311
0.0038937112
0.0038302292
0.0037741244
0.0037287577
0.0036878895
0.0036389262
0.0035782109
0.0035059012
0.0034119585
0.0032863092
0.0031307791
0.0029484142
0.0027354967
0.0024923565
0.0022208431
0.0019181703
0.0015880039
0.0012365801
0.0008617936
0.0004592539
0.0000248276
-0.0004398104
-0.0009309773
-0.0014539908
-0.0020077439
-0.0025824635
-0.0031745109
-0.0037809861
-0.0044020333
-0.0050407966
-0.0056887729
-0.0063377616
-0.0069881539
-0.0076383876
-0.0082821337
-0.0089107601
-0.0095214184
-0.0101238953
-0.0107272699
-0.0113315199
-0.0119361572
-0.0125416018
-0.0131469749
-0.0137479336
-0.0143358115
-0.0149023678
-0.0154491503
-0.0159765854
-0.0164786266
-0.0169415451
-0.0173482665
-0.0176929400
-0.0179777803
-0.0181946275
-0.0183217437
-0.0183537740
-0.0182872504
-0.0181207214
-0.0178638778
-0.0175200921
-0.0170961976
-0.0166036178
-0.0160500963
-0.0154493615
-0.0148135003
-0.0141350686
-0.0134145228
-0.0126523579
-0.0118427281
-0.0109927260
-0.0101118091
-0.0092072469
-0.0082824049
-0.0073468069
-0.0064161362
-0.0055061130
-0.0046334675
-0.0038034524
-0.0030092888
-0.0022435492
-0.0015056725
-0.0008055341
-0.0001480896
0.0004743523
0.0010681832
0.0016301121
0.0021513011
0.0026276630
0.0030590245
0.0034433989
0.0037769757
0.0040570399
0.0042884712
0.0044844041
0.0046484666
0.0047804380
0.0048888530
0.0049795708
0.0050612266
0.0051415101
0.0052207420
0.0053021200
0.0053944896
0.0055091253
0.0056568047
0.0058548861
0.0061171530
0.0064399709
0.0068202328
0.0072556296
0.0077285275
0.0082235363
0.0087424521
0.0092863631
0.0098502475
0.0104244488
0.0110000989
0.0115748096
0.0121441251
0.0127011967
0.0132420834
0.0137689555
0.0142769951
0.0147540727
0.0152012703
0.0156268690
0.0160290604
0.0164028015
0.0167446689
0.0170575649
0.0173502224
0.0176208363
0.0178617556
0.0180628708
0.0182183181
0.0183346357
0.0184213668
0.0184834515
0.0185162092
0.0185157224
0.0184790236
0.0183915110
0.0182464577
0.0180576933
0.0178313815
0.0175560814
0.0172272832
0.0168489881
0.0164287252
0.0159712432
0.0154746119
0.0149420193
0.0143723522
0.0137621862
0.0131137281
0.0124254813
0.0116978470
0.0109433082
0.0101756743
0.0094035249
0.0086283741
0.0078423762
0.0070379395
0.0062172738
0.0053903700
0.0045627894
0.0037370887
0.0029219231
0.0021312030
0.0013740218
0.0006524235
-0.0000253647
-0.0006493297
-0.0012137918
-0.0017049860
-0.0021080279
-0.0024203216
-0.0026480060
-0.0027996786
-0.0028752843
-0.0028719626
-0.0027962211
-0.0026530879
-0.0024504220
-0.0022021433
-0.0019213839
-0.0016231482
-0.0013163585
-0.0010038718
-0.0006958474
-0.0004042688
-0.0001354479
0.0001116168
0.0003367073
0.0005374825
0.0007105427
0.0008532532
0.0009652914
0.0010285442
0.0010257989
0.0009657954
0.0008602152
0.0007131286
0.0005361772
0.0003480453
0.0001604333
-0.0000219634
-0.0001919871
-0.0003464610
-0.0004933996
-0.0006387983
-0.0007803369
-0.0009193567
-0.0010620681
-0.0012088233
-0.0013567586
-0.0015069411
-0.0016577097
-0.0018002687
-0.0019194836
-0.0020035015
-0.0020568818
-0.0020909141
-0.0021114278
-0.0021254006
-0.0021380512
-0.0021516501
-0.0021724521
-0.0022079552
-0.0022576620
-0.0023118253
-0.0023647185
-0.0024181452
-0.0024739113
-0.0025313865
-0.0025863602
-0.0026310786
-0.0026588377
-0.0026732944
-0.0026847364
-0.0026972748
-0.0027101474
-0.0027231158
-0.0027362939
-0.0027484060
-0.0027550837
-0.0027492528
-0.0027257852
-0.0026827113
-0.0026163216
-0.0025259713
-0.0024156806
-0.0022944136
-0.0021718022
-0.0020490994
-0.0019249543
-0.0017992518
-0.0016728791
-0.0015472682
-0.0014232525
-0.0012994602
-0.0011708541
-0.0010293373
-0.0008698628
-0.0007006081
-0.0005295753
-0.0003547663
-0.0001797977
-0.0000218100
0.0000912473
0.0001384552
0.0001177323
0.0000382542
-0.0000876518
-0.0002558189
-0.0004687311
-0.0007209166
-0.0010117227
-0.0013427578
-0.0017033401
-0.0020850227
-0.0024911127
-0.0029279088
-0.0034002440
-0.0039050568
-0.0044302953
-0.0049693422
-0.0055211163
-0.0060917770
-0.0066892381
-0.0073114697
-0.0079488209
-0.0085848289
-0.0092029529
-0.0097947123
-0.0103553064
-0.0108795691
-0.0113669862
-0.0118180723
-0.0122226043
-0.0125716351
-0.0128648967
-0.0130965231
-0.0132563466
-0.0133330442
-0.0133161759
-0.0132091507
-0.0130245426
-0.0127683435
-0.0124324813
-0.0120082558
-0.0115016677
-0.0109253581
-0.0102866140
-0.0095923975
-0.0088481425
-0.0080485117
-0.0071866804
-0.0062682132
-0.0053164651
-0.0043477126
-0.0033696215
-0.0023896596
-0.0014060273
-0.0004179725
0.0005696267
0.0015450269
0.0024919598
0.0033991948
0.0042546860
0.0050463318
0.0057594561
0.0063694884
0.0068605435
0.0072180435
0.0074224104
0.0074549309
0.0072837920
0.0068860925
0.0062852680
0.0055229278
0.0046311626
0.0036324653
0.0025440009
0.0013915939
0.0001947935
-0.0010390401
-0.0022974360
-0.0035653705
-0.0048377914
-0.0061134387
-0.0073822578
-0.0086226314
-0.0098093812
-0.0109256694
-0.0119566153
-0.0128768240
-0.0136592529
-0.0142766261
-0.0146980549
-0.0149155219
-0.0149469676
-0.0148090591
-0.0145179007
-0.0140967255
-0.0135748696
-0.0129850285
-0.0123537906
-0.0117002967
-0.0110385018
-0.0103777819
-0.0097287425
-0.0091025872
-0.0085055605
-0.0079375309
-0.0073972822
-0.0068880797
-0.0064139182
-0.0059802488
-0.0055858044
-0.0052303737
-0.0049215805
-0.0046567432
-0.0044321523
-0.0042459007
-0.0040876528
-0.0039450800
-0.0038092600
-0.0036762223
-0.0035463623
-0.0034187248
-0.0032880307
-0.0031454855
-0.0029847532
-0.0028124289
-0.0026395353
-0.0024687619
-0.0022994045
-0.0021297032
-0.0019549830
-0.0017672384
-0.0015599806
-0.0013378063
-0.0011030404
-0.0008499480
-0.0005867313
-0.0003239903
-0.0000612698
0.0002023034
0.0004660686
0.0007292179
0.0009923504
0.0012593804
0.0015379376
0.0018349827
0.0021484476
0.0024813016
0.0028462327
0.0032423173
0.0036586203
0.0040907418
0.0045362746
0.0049978938
0.0054837886
0.0059921581
0.0065176202
0.0070557195
0.0076066543
0.0081757185
0.0087603646
0.0093606271
0.0099799169
0.0106088539
0.0112358269
0.0118547285
0.0124585517
0.0130461018
0.0136277896
0.0142120049
0.0147978704
0.0153827350
0.0159625895
0.0165315107
0.0170846560
0.0176196702
0.0181301214
0.0186038375
0.0190320338
0.0194076274
0.0197184657
0.0199533811
0.0201074292
0.0201711842
0.0201295159
0.0199774533
0.0197176298
0.0193516030
0.0188791178
0.0183085975
0.0176665968
0.0169782453
0.0162530755
0.0154936621
0.0147048612
0.0139020572
0.0131095362
0.0123428029
0.0116082343
0.0109130146
0.0102603711
0.0096493589
0.0090802699
0.0085572335
0.0080898112
0.0076894763
0.0073588643
0.0070904613
0.0068703660
0.0066837835
0.0065286733
0.0064060162
0.0063021437
0.0062011577
0.0060994733
0.0060019214
0.0059165228
0.0058500781
0.0057988364
0.0057516845
0.0057017927
0.0056436204
0.0055683844
0.0054695736
0.0053403216
0.0051708220
0.0049563326
0.0046965015
0.0043918323
0.0040454643
0.0036638772
0.0032536853
0.0028140419
0.0023409854
0.0018372475
0.0013033130
0.0007370180
0.0001444791
-0.0004680361
-0.0010981422
-0.0017442948
-0.0024069523
-0.0030760430
-0.0037312299
-0.0043614298
-0.0049611922
-0.0055220130
-0.0060388818
-0.0065090372
-0.0069290153
-0.0072992389
-0.0076263145
-0.0079230325
-0.0082067070
-0.0084873302
-0.0087641545
-0.0090368359
-0.0093115460
-0.0096012710
-0.0099195399
-0.0102656196
-0.0106258675
-0.0109971979
-0.0113902101
-0.0118089361
-0.0122499054
-0.0127037587
-0.0131567778
-0.0135988363
-0.0140205271
-0.0144176718
-0.0147862050
-0.0151217695
-0.0154250245
-0.0156902565
-0.0159144191
-0.0160910841
-0.0162060686
-0.0162635927
-0.0162759695
-0.0162458734
-0.0161718233
-0.0160514122
-0.0158802169
-0.0156522476
-0.0153656108
-0.0150308453
-0.0146557536
-0.0142281937
-0.0137432052
-0.0132127603
-0.0126476403
-0.0120569410
-0.0114451694
-0.0108192059
-0.0101898035
-0.0095631262
-0.0089460336
-0.0083450735
-0.0077576333
-0.0071817986
-0.0066256409
-0.0060921677
-0.0055809453
-0.0050923773
-0.0046267216
-0.0041831026
-0.0037589045
-0.0033504729
-0.0029562893
-0.0025805927
-0.0022174414
-0.0018559671
-0.0014939754
-0.0011323816
-0.0007715881
-0.0004116308
-0.0000523689
0.0003065089
0.0006656508
0.0010260298
0.0013882551
0.0017510410
0.0021096004
0.0024559245
0.0027843458
0.0031016650
0.0034184903
0.0037365987
0.0040546270
0.0043719503
0.0046884996
0.0050044592
0.0053199736
0.0056352599
0.0059508571
0.0062676996
0.0065864011
0.0069056512
0.0072205168
0.0075227223
0.0078064045
0.0080786031
0.0083502829
0.0086232517
0.0088960804
0.0091681535
0.0094394964
0.0097104208
0.0099810906
0.0102514815
0.0105216316
0.0107920765
0.0110638615
0.0113376200
0.0116114865
0.0118788503
0.0121287815
0.0123523524
0.0125484515
0.0127209289
0.0128657981
0.0129734094
0.0130365134
0.0130446578
0.0129857530
0.0128558042
0.0126605558
0.0124101646
0.0121154938
0.0117855546
0.0114280494
0.0110452737
0.0106369695
0.0102065999
0.0097619905
0.0093121671
0.0088601123
0.0084071561
0.0079620842
0.0075421790
0.0071650676
0.0068440189
0.0065914263
0.0064118794
0.0062966853
0.0062307846
0.0061976863
0.0061830728
0.0061830153
0.0062050016
0.0062528769
0.0063229050
0.0064095590
0.0065091829
0.0066239757
0.0067519604
0.0068870043
0.0070320247
0.0071940933
0.0073700606
0.0075500885
0.0077305457
0.0079119535
0.0080921214
0.0082649817
0.0084234728
0.0085667999
0.0086998554
0.0088197676
0.0089160238
0.0089763274
0.0089823560
0.0089197332
0.0087817521
0.0085589192
0.0082467613
0.0078530210
0.0073932036
0.0068840323
0.0063361793
0.0057576815
0.0051562574
0.0045376376
0.0039085243
0.0032705142
0.0026207431
0.0019657924
0.0013186979
0.0006823184
0.0000548790
-0.0005544293
-0.0011334925
-0.0016820890
-0.0022031105
-0.0026870822
-0.0031263173
-0.0035257430
-0.0038936744
-0.0042344132
-0.0045449079
-0.0048285182
-0.0050966721
-0.0053499082
-0.0055851113
-0.0058117627
-0.0060387370
-0.0062652075
-0.0064895075
-0.0067116879
-0.0069344726
-0.0071640945
-0.0074081447
-0.0076684775
-0.0079365059
-0.0082085276
-0.0084931248
-0.0087962433
-0.0091137190
-0.0094446646
-0.0097935258
-0.0101504250
-0.0105041090
-0.0108571677
-0.0112175920
-0.0115952980
-0.0119941146
-0.0123985481
-0.0127876253
-0.0131529150
-0.0134979694
-0.0138247913
-0.0141290799
-0.0143998384
-0.0146226974
-0.0147887346
-0.0148877640
-0.0149151355
-0.0148638473
-0.0147271577
-0.0145107985
-0.0142195433
-0.0138497492
-0.0134082298
-0.0129088973
-0.0123578204
-0.0117701649
-0.0111580633
-0.0105221204
-0.0098605074
-0.0091727249
-0.0084621549
-0.0077384907
-0.0070159513
-0.0063050035
-0.0056145044
-0.0049465238
-0.0043015489
-0.0036813808
-0.0030870029
-0.0025263684
-0.0020094610
-0.0015358218
-0.0011014436
-0.0007141312
-0.0003739526
-0.0000711421
0.0001910289
0.0004140692
0.0006040774
0.0007627148
0.0008978392
0.0010115383
0.0011006680
0.0011599229
0.0011845135
0.0011811910
0.0011587471
0.0011244543
0.0010863890
0.0010462166
0.0010010157
0.0009504203
0.0008996672
0.0008531509
0.0008109047
0.0007769204
0.0007586934
0.0007570432
0.0007694730
0.0007983059
0.0008398342
0.0008832835
0.0009249997
0.0009692317
0.0010230826
0.0010926117
0.0011746517
0.0012544241
0.0013186600
0.0013697981
0.0014165520
0.0014561663
0.0014781117
0.0014780555
0.0014564218
0.0014121161
0.0013446598
0.0012552459
0.0011453337
0.0010184814
0.0008846312
0.0007533143
0.0006308539
0.0005236063
0.0004300745
0.0003398171
0.0002484118
0.0001626139
0.0000928482
0.0000473033
0.0000320931
0.0000568537
0.0001278354
0.0002421531
0.0003923496
0.0005690188
0.0007674366
0.0009896330
0.0012373609
0.0015104166
0.0018057177
0.0021160955
0.0024321539
0.0027490662
0.0030680353
0.0033876780
0.0037012352
0.0039983495
0.0042718567
0.0045200833
0.0047407523
0.0049336923
0.0050981179
0.0052212045
0.0052923246
0.0053160397
0.0053042496
0.0052727817
0.0052354561
0.0051965391
0.0051567994
0.0051221714
0.0051022791
0.0051028082
0.0051236430
0.0051668980
0.0052398089
0.0053529689
0.0055125776
0.0057162691
0.0059578840
0.0062283382
0.0065200825
0.0068279908
0.0071436589
0.0074606647
0.0077767766
0.0080870976
0.0083851931
0.0086689499
0.0089374631
0.0091772416
0.0093687816
0.0095028108
0.0095790406
0.0096052317
0.0095902767
0.0095391462
0.0094572858
0.0093455655
0.0092001931
0.0090243187
0.0088244137
0.0086013381
0.0083574726
0.0080994470
0.0078346064
0.0075622316
0.0072721951
0.0069585521
0.0066225999
0.0062650236
0.0058846539
0.0054803230
0.0050532042
0.0046094079
0.0041603329
0.0037175946
0.0032900915
0.0028853671
0.0025095178
0.0021714895
0.0018769159
0.0016250159
0.0014158499
0.0012528993
0.0011434606
0.0010951101
0.0011073114
0.0011707050
0.0012796995
0.0014340567
0.0016291831
0.0018536501
0.0020930928
0.0023330964
0.0025616737
0.0027763091
0.0029772684
0.0031662515
0.0033528094
0.0035399538
0.0037177947
0.0038719023
0.0039931749
0.0040844085
0.0041490150
0.0041829613
0.0041858330
0.0041591579
0.0041014302
0.0040210289
0.0039330046
0.0038444103
0.0037595310
0.0036881376
0.0036403437
0.0036174419
0.0036094360
0.0036038284
0.0035990236
0.0036042690
0.0036287393
0.0036710505
0.0037173104
0.0037542749
0.0037754197
0.0037806169
0.0037745031
0.0037544803
0.0037137414
0.0036504546
0.0035620074
0.0034439215
0.0032933233
0.0031148327
0.0029165894
0.0027010066
0.0024692940
0.0022213263
0.0019625495
0.0017100329
0.0014734703
0.0012461913
0.0010191868
0.0007922271
0.0005723954
0.0003673291
0.0001782036
0.0000011253
-0.0001599729
-0.0002960425
-0.0004028205
-0.0004784149
-0.0005270673
-0.0005542178
-0.0005565776
-0.0005289934
-0.0004705963
-0.0003899431
-0.0002971323
-0.0001884930
-0.0000564079
0.0001000646
0.0002807267
0.0004839473
0.0007033822
0.0009275909
0.0011451959
0.0013477395
0.0015281045
0.0016802481
0.0017943660
0.0018631161
0.0018856479
0.0018617774
0.0017916819
0.0016720922
0.0014933998
0.0012550599
0.0009729824
0.0006612088
0.0003213024
-0.0000495957
-0.0004454734
-0.0008569075
-0.0012847634
-0.0017290436
-0.0021797915
-0.0026302100
-0.0030807744
-0.0035322776
-0.0039848290
-0.0044382039
-0.0048917922
-0.0053447162
-0.0057962375
-0.0062468407
-0.0066996322
-0.0071608662
-0.0076370896
-0.0081276712
-0.0086253330
-0.0091303940
-0.0096510296
-0.0101874007
-0.0107293334
-0.0112700818
-0.0118102713
-0.0123514259
-0.0128947872
-0.0134407139
-0.0139867855
-0.0145260729
-0.0150481067
-0.0155460506
-0.0160236385
-0.0164880686
-0.0169414349
-0.0173752568
-0.0177761668
-0.0181441700
-0.0184859243
-0.0187989112
-0.0190820740
-0.0193374770
-0.0195558671
-0.0197285322
-0.0198558502
-0.0199388702
-0.0199780152
-0.0199734645
-0.0199256549
-0.0198375697
-0.0197192386
-0.0195839684
-0.0194330333
-0.0192613554
-0.0190689084
-0.0188561761
-0.0186334533
-0.0184125302
-0.0181935964
-0.0179740801
-0.0177494728
-0.0175126878
-0.0172588182
-0.0169936218
-0.0167230896
-0.0164410777
-0.0161413896
-0.0158317767
-0.0155228548
-0.0152116372
-0.0148852194
-0.0145289914
-0.0141399069
-0.0137257102
-0.0132856582
-0.0128148587
-0.0123159481
-0.0117884381
-0.0112287444
-0.0106395248
-0.0100210405
-0.0093702862
-0.0086904400
-0.0079819750
-0.0072416304
-0.0064726246
-0.0056768420
-0.0048538762
-0.0040101255
-0.0031567976
-0.0023070021
-0.0014726782
-0.0006607126
0.0001240440
0.0008724419
0.0015760056
0.0022291558
0.0028233187
0.0033507203
0.0038058943
0.0041812134
0.0044721035
0.0046818149
0.0048221573
0.0049096898
0.0049527016
0.0049540859
0.0049219826
0.0048664849
0.0047939586
0.0047138167
0.0046337007
0.0045524882
0.0044685335
0.0043818480
0.0042952135
0.0042160547
0.0041544010
0.0041131679
0.0040755616
0.0040208935
0.0039451868
0.0038639787
0.0037969962
0.0037511869
0.0037207713
0.0036896413
0.0036439123
0.0035795854
0.0035058968
0.0034339972
0.0033641192
0.0032931765
0.0032204285
0.0031497610
0.0030907372
0.0030538534
0.0030408022
0.0030496399
0.0030787688
0.0031276237
0.0031975914
0.0032891793
0.0034060722
0.0035568480
0.0037509269
0.0039885971
0.0042613024
0.0045602690
0.0048856001
0.0052417867
0.0056225426
0.0060185536
0.0064315722
0.0068625726
0.0073019744
0.0077411383
0.0081748148
0.0085945450
0.0089927191
0.0093656489
0.0097080349
0.0100195929
0.0103050522
0.0105613452
0.0107883146
0.0109892081
0.0111553078
0.0112773565
0.0113545673
0.0113907786
0.0113958608
0.0113799495
0.0113421221
0.0112804533
0.0111949141
0.0110857251
0.0109534649
0.0107991712
0.0106260073
0.0104398992
0.0102495870
0.0100576788
0.0098673688
0.0096763857
0.0094768188
0.0092703498
0.0090714958
0.0088854350
0.0087023238
0.0085147624
0.0083158966
0.0080998488
0.0078710140
0.0076398306
0.0074100285
0.0071806609
0.0069517212
0.0067234360
0.0064939275
0.0062570812
0.0060035213
0.0057273290
0.0054287755
0.0051085444
0.0047670584
0.0044046950
0.0040210358
0.0036139605
0.0031790122
0.0027118959
0.0022196005
0.0017197535
0.0012197465
0.0007163766
0.0002076040
-0.0003034402
-0.0008102002
-0.0013131874
-0.0018175209
-0.0023239486
-0.0028306274
-0.0033325716
-0.0038215463
-0.0042916156
-0.0047483882
-0.0051942347
-0.0056199397
-0.0060248065
-0.0064079135
-0.0067639415
-0.0070901520
-0.0073894678
-0.0076745303
-0.0079483218
-0.0081996622
-0.0084219163
-0.0086130470
-0.0087764897
-0.0089249808
-0.0090601212
-0.0091684867
-0.0092438025
-0.0092930097
-0.0093207607
-0.0093260011
-0.0093072331
-0.0092649645
-0.0092031355
-0.0091287445
-0.0090474708
-0.0089552277
-0.0088443179
-0.0087185634
-0.0085898376
-0.0084637716
-0.0083393038
-0.0082123156
-0.0080753687
-0.0079208139
-0.0077499714
-0.0075756551
-0.0074101020
-0.0072598016
-0.0071259473
-0.0070051466
-0.0068987787
-0.0068072915
-0.0067215950
-0.0066354219
-0.0065493285
-0.0064638521
-0.0063789585
-0.0062948787
-0.0062121979
-0.0061311037
-0.0060495971
-0.0059618184
-0.0058588841
-0.0057353846
-0.0055953617
-0.0054415311
-0.0052717459
-0.0050838905
-0.0048720224
-0.0046321538
-0.0043607247
-0.0040577842
-0.0037278165
-0.0033671202
-0.0029761814
-0.0025637595
-0.0021327510
-0.0016907895
-0.0012463708
-0.0007977644
-0.0003454472
0.0001040036
0.0005506357
0.0009989969
0.0014447599
0.0018774631
0.0022865857
0.0026717099
0.0030341675
0.0033758785
0.0037016449
0.0040182642
0.0043336187
0.0046448967
0.0049439788
0.0052253724
0.0054938061
0.0057531180
0.0059944853
0.0062103732
0.0064029847
0.0065808383
0.0067443589
0.0068808738
0.0069840369
0.0070560393
0.0070895195
0.0070749942
0.0070077127
0.0068851049
0.0067130545
0.0064990489
0.0062496329
0.0059730449
0.0056726739
0.0053488965
0.0050042852
0.0046429636
0.0042672822
0.0038741176
0.0034658094
0.0030519618
0.0026378229
0.0022266381
0.0018250959
0.0014394021
0.0010658555
0.0006934185
0.0003198772
-0.0000443101
-0.0003838620
-0.0006894959
-0.0009662950
-0.0012236742
-0.0014655218
-0.0016943589
-0.0019088952
-0.0021084244
-0.0022989417
-0.0024802660
-0.0026453991
-0.0027958727
-0.0029426578
-0.0030899263
-0.0032294455
-0.0033493678
-0.0034436653
-0.0035162649
-0.0035757846
-0.0036320530
-0.0036883126
-0.0037378578
-0.0037724151
-0.0037894272
-0.0037956992
-0.0037932911
-0.0037747705
-0.0037375337
-0.0036825448
-0.0036093244
-0.0035217655
-0.0034209552
-0.0033042483
-0.0031783304
-0.0030458595
-0.0028984905
-0.0027333126
-0.0025603747
-0.0023886432
-0.0022177177
-0.0020460337
-0.0018726180
-0.0016972375
-0.0015217570
-0.0013514026
-0.0011944393
-0.0010571252
-0.0009394890
-0.0008448918
-0.0007775986
-0.0007412879
-0.0007335932
-0.0007403579
-0.0007595673
-0.0007978260
-0.0008466277
-0.0008949002
-0.0009427587
-0.0009923168
-0.0010456319
-0.0011042099
-0.0011657417
-0.0012220769
-0.0012723259
-0.0013223674
-0.0013728852
-0.0014238723
-0.0014761409
-0.0015301218
-0.0015841951
-0.0016328463
-0.0016673454
-0.0016825557
-0.0016882361
-0.0016959163
-0.0017067146
-0.0017209050
-0.0017377383
-0.0017519577
-0.0017616001
-0.0017675132
-0.0017630171
-0.0017383292
-0.0016915449
-0.0016225721
-0.0015287056
-0.0014054149
-0.0012501603
-0.0010672749
-0.0008542454
-0.0006081567
-0.0003352183
-0.0000363645
0.0002886025
0.0006345058
0.0009993118
0.0013836307
0.0017802159
0.0021786767
0.0025770354
0.0029762931
0.0033766248
0.0037776658
0.0041787868
0.0045796149
0.0049803397
0.0053818163
0.0057849068
0.0061889875
0.0065899714
0.0069795106
0.0073488528
0.0076976910
0.0080270575
0.0083330240
0.0086074114
0.0088410963
0.0090318510
0.0091799734
0.0092851301
0.0093455275
0.0093569564
0.0093139971
0.0092149475
0.0090697859
0.0088907645
0.0086781123
0.0084307001
0.0081550710
0.0078550760
0.0075309884
0.0071857852
0.0068265612
0.0064623551
0.0060975116
0.0057345183
0.0053795180
0.0050393721
0.0047137892
0.0044001366
0.0041037996
0.0038293819
0.0035777027
0.0033513952
0.0031550621
0.0029911470
0.0028533845
0.0027352176
0.0026336210
0.0025467660
0.0024769372
0.0024202580
0.0023669597
0.0023162674
0.0022760169
0.0022530878
0.0022439826
0.0022389907
0.0022346843
0.0022313273
0.0022255412
0.0022094854
0.0021759184
0.0021287988
0.0020811304
0.0020427906
0.0020191674
0.0020099000
0.0020123878
0.0020322204
0.0020753664
0.0021396849
0.0022187965
0.0023027456
0.0023858580
0.0024699948
0.0025573839
0.0026481254
0.0027381867
0.0028176288
0.0028732619
0.0028992543
0.0029042678
0.0028963352
0.0028671062
0.0028054156
0.0027139544
0.0025995600
0.0024630850
0.0023056555
0.0021304212
0.0019405318
0.0017355130
0.0015165239
0.0012927257
0.0010672729
0.0008326145
0.0005807051
0.0003127061
0.0000396174
-0.0002318067
-0.0005030930
-0.0007768351
-0.0010548137
-0.0013363314
-0.0016162071
-0.0018916123
-0.0021661938
-0.0024418103
-0.0027148300
-0.0029782505
-0.0032255834
-0.0034583963
-0.0036803316
-0.0038849539
-0.0040638669
-0.0042117739
-0.0043266367
-0.0044154708
-0.0044853992
-0.0045397030
-0.0045799904
-0.0046029039
-0.0046105784
-0.0046124548
-0.0046138585
-0.0046182182
-0.0046324102
-0.0046627549
-0.0047054216
-0.0047501598
-0.0047933529
-0.0048370352
-0.0048830997
-0.0049315269
-0.0049787098
-0.0050163749
-0.0050345095
-0.0050299937
-0.0050059442
-0.0049666529
-0.0049142421
-0.0048446776
-0.0047581055
-0.0046566872
-0.0045372079
-0.0044054557
-0.0042713253
-0.0041362190
-0.0040000794
-0.0038667538
-0.0037438891
-0.0036380190
-0.0035453641
-0.0034614430
-0.0033913871
-0.0033364109
-0.0032890988
-0.0032445205
-0.0032035421
-0.0031657144
-0.0031252985
-0.0030808982
-0.0030371415
-0.0029944283
-0.0029483826
-0.0028915935
-0.0028176679
-0.0027292771
-0.0026277971
-0.0025045157
-0.0023574670
-0.0021920715
-0.0020173770
-0.0018416699
-0.0016620722
-0.0014701729
-0.0012604452
-0.0010385023
-0.0008101061
-0.0005684662
-0.0003071330
-0.0000354618
0.0002353963
0.0005055620
0.0007762123
0.0010474907
0.0013195173
0.0015925529
0.0018669494
0.0021420358
0.0024146482
0.0026784635
0.0029270240
0.0031612189
0.0033860696
0.0035982379
0.0037922052
0.0039771771
0.0041623626
0.0043424331
0.0045087852
0.0046573577
0.0047919622
0.0049115107
0.0050085718
0.0050852059
0.0051461301
0.0051932099
0.0052201878
0.0052137857
0.0051741036
0.0051099931
0.0050242934
0.0049180127
0.0047941235
0.0046558530
0.0045024984
0.0043341566
0.0041576322
0.0039730007
0.0037725161
0.0035561914
0.0033339637
0.0031123414
0.0028910986
0.0026701931
0.0024502319
0.0022305761
0.0020074734
0.0017736518
0.0015227394
0.0012587193
0.0009918833
0.0007255425
0.0004578841
0.0001890136
-0.0000770771
-0.0003329494
-0.0005725001
-0.0007997769
-0.0010217704
-0.0012345701
-0.0014299845
-0.0016090793
-0.0017740962
-0.0019212262
-0.0020564685
-0.0021903702
-0.0023247759
-0.0024585560
-0.0025913666
-0.0027234257
-0.0028551434
-0.0029867499
-0.0031181937
-0.0032493006
-0.0033801611
-0.0035114325
-0.0036441131
-0.0037783172
-0.0039111995
-0.0040353187
-0.0041407259
-0.0042229646
-0.0042837127
-0.0043253574
-0.0043503744
-0.0043597239
-0.0043558009
-0.0043354887
-0.0042896472
-0.0042195557
-0.0041325979
-0.0040395262
-0.0039488236
-0.0038587757
-0.0037645593
-0.0036601493
-0.0035415054
-0.0034149682
-0.0032984041
-0.0031985671
-0.0031032690
-0.0030047268
-0.0029063110
-0.0028155971
-0.0027407252
-0.0026834564
-0.0026392909
-0.0026092937
-0.0025965857
-0.0025985329
-0.0026159975
-0.0026495380
-0.0026965063
-0.0027594311
-0.0028372231
-0.0029252679
-0.0030266637
-0.0031438562
-0.0032700001
-0.0033973738
-0.0035243594
-0.0036523951
-0.0037824928
-0.0039140189
-0.0040435401
-0.0041646047
-0.0042709052
-0.0043637408
-0.0044508261
-0.0045335804
-0.0046040500
-0.0046553530
-0.0046928640
-0.0047190072
-0.0047242861
-0.0047069288
-0.0046655033
-0.0045959358
-0.0044940904
-0.0043603114
-0.0041995349
-0.0040025273
-0.0037593554
-0.0034697315
-0.0031347870
-0.0027561487
-0.0023371764
-0.0018831702
-0.0013979944
-0.0008823341
-0.0003433625
0.0002084249
0.0007723731
0.0013476461
0.0019220934
0.0024842912
0.0030371416
0.0035889696
0.0041394397
0.0046807990
0.0052063108
0.0057187667
0.0062249314
0.0067221840
0.0072034630
0.0076710536
0.0081317523
0.0085829346
0.0090174162
0.0094368667
0.0098430791
0.0102279335
0.0105874981
0.0109219231
0.0112334463
0.0115290750
0.0118049709
0.0120439288
0.0122335069
0.0123746576
0.0124709731
0.0125227536
0.0125297089
0.0124909896
0.0124049564
0.0122704359
0.0120886978
0.0118648012
0.0116077031
0.0113261045
0.0110188119
0.0106803971
0.0103086717
0.0099114440
0.0095068779
0.0091029961
0.0086975272
0.0082894807
0.0078816796
0.0074809381
0.0070952752
0.0067265576
0.0063705438
0.0060288126
0.0057058687
0.0054013188
0.0051179912
0.0048612254
0.0046335795
0.0044400315
0.0042884622
0.0041803496
0.0041076430
0.0040591180
0.0040285583
0.0040135666
0.0040130172
0.0040301071
0.0040621844
0.0040994456
0.0041364092
0.0041694049
0.0041908931
0.0041935339
0.0041796716
0.0041536912
0.0041134311
0.0040533003
0.0039603929
0.0038240281
0.0036448644
0.0034282528
0.0031800913
0.0029034959
0.0025933971
0.0022492269
0.0018825471
0.0015012472
0.0011042907
0.0006854215
0.0002450279
-0.0002113262
-0.0006740489
-0.0011334276
-0.0015896932
-0.0020439380
-0.0024961404
-0.0029463625
-0.0033947742
-0.0038412904
-0.0042840670
-0.0047181700
-0.0051362445
-0.0055340679
-0.0059151661
-0.0062801691
-0.0066268002
-0.0069638231
-0.0072996138
-0.0076331464
-0.0079606063
-0.0082762264
-0.0085743768
-0.0088562839
-0.0091293552
-0.0093941162
-0.0096430808
-0.0098735188
-0.0100887461
-0.0102882680
-0.0104710486
-0.0106413329
-0.0107984173
-0.0109377345
-0.0110586935
-0.0111601536
-0.0112409743
-0.0113008693
-0.0113379973
-0.0113485501
-0.0113290738
-0.0112813105
-0.0112056676
-0.0111021518
-0.0109771374
-0.0108332316
-0.0106700211
-0.0104876706
-0.0102867295
-0.0100679104
-0.0098314187
-0.0095772236
-0.0093053696
-0.0090161845
-0.0087105644
-0.0083904773
-0.0080587880
-0.0077172339
-0.0073642908
-0.0070075164
-0.0066541339
-0.0062994675
-0.0059356818
-0.0055589421
-0.0051776807
-0.0048012691
-0.0044296457
-0.0040614784
-0.0036959273
-0.0033323338
-0.0029709877
-0.0026141370
-0.0022667609
-0.0019349474
-0.0016200510
-0.0013141709
-0.0010106760
-0.0007101999
-0.0004138036
-0.0001216229
0.0001665566
0.0004509598
0.0007313865
0.0010072966
0.0012784531
0.0015461221
0.0018139559
0.0020870254
0.0023674380
0.0026508985
0.0029311661
0.0032058359
0.0034750715
0.0037395655
0.0040014955
0.0042652300
0.0045353300
0.0048109211
0.0050851183
0.0053539695
0.0056179343
0.0058758894
0.0061238730
0.0063571386
0.0065749211
0.0067787945
0.0069659640
0.0071344441
0.0072866204
0.0074257636
0.0075531926
0.0076651949
0.0077590475
0.0078352120
0.0078942130
0.0079364614
0.0079628071
0.0079750203
0.0079756110
0.0079663293
0.0079458763
0.0079155863
0.0078791212
0.0078348968
0.0077795641
0.0077163234
0.0076490347
0.0075747478
0.0074900554
0.0073983800
0.0073038332
0.0072036667
0.0070938338
0.0069757440
0.0068511724
0.0067177323
0.0065766699
0.0064299788
0.0062756105
0.0061147916
0.0059483306
0.0057715828
0.0055823994
0.0053788993
0.0051611338
0.0049353481
0.0047046260
0.0044719611
0.0042390287
0.0040016017
0.0037579127
0.0035091850
0.0032560872
0.0030032957
0.0027555416
0.0025121679
0.0022724360
0.0020372595
0.0018092456
0.0015919902
0.0013870802
0.0011921113
0.0010064285
0.0008321393
0.0006681214
0.0005140155
0.0003704618
0.0002333988
0.0000994508
-0.0000308076
-0.0001569929
-0.0002801740
-0.0004029732
-0.0005287211
-0.0006580930
-0.0007861962
-0.0009074568
-0.0010193892
-0.0011220108
-0.0012192471
-0.0013141856
-0.0014063908
-0.0014952803
-0.0015807698
-0.0016630194
-0.0017422499
-0.0018185131
-0.0018916322
-0.0019613601
-0.0020278141
-0.0020919926
-0.0021559192
-0.0022216157
-0.0022885987
-0.0023536735
-0.0024148647
-0.0024724463
-0.0025270772
-0.0025796349
-0.0026310971
-0.0026815611
-0.0027288123
-0.0027699641
-0.0028048070
-0.0028337274
-0.0028566121
-0.0028742026
-0.0028859054
-0.0028906230
-0.0028887447
-0.0028807609
-0.0028669554
-0.0028475994
-0.0028229340
-0.0027931847
-0.0027586120
-0.0027196622
-0.0026770515
-0.0026317067
-0.0025843207
-0.0025347024
-0.0024826546
-0.0024287624
-0.0023730500
-0.0023161738
-0.0022597539
-0.0022044317
-0.0021500763
-0.0020966181
-0.0020440750
-0.0019924568
-0.0019417219
-0.0018918139
-0.0018428038
-0.0017950637
-0.0017493074
-0.0017061927
-0.0016654752
-0.0016265898
-0.0015897697
-0.0015550219
-0.0015219189
-0.0014904991
-0.0014604277
-0.0014310434
-0.0014025647
-0.0013755515
-0.0013496251
-0.0013238625
-0.0012979142
-0.0012718505
-0.0012457419
-0.0012196393
-0.0011935758
-0.0011675682
-0.0011415785
-0.0011154033
-0.0010886188
-0.0010607914
-0.0010319581
-0.0010023222
-0.0009720421
-0.0009412483
-0.0009100023
-0.0008783293
-0.0008462105
-0.0008136663
-0.0007809230
-0.0007485438
-0.0007166898
-0.0006850625
-0.0006536567
-0.0006227293
-0.0005926278
-0.0005636309
-0.0005356599
-0.0005084920
-0.0004819716
-0.0004561682
-0.0004313340
-0.0004075918
-0.0003848467
-0.0003629217
-0.0003416716
-0.0003211242
-0.0003014784
-0.0002828918
-0.0002653941
-0.0002489116
-0.0002333384
-0.0002185713
-0.0002045398
-0.0001912602
-0.0001787840
-0.0001671319
-0.0001562188
-0.0001459542
-0.0001363341
-0.0001273147
-0.0001188603
-0.0001110097
-0.0001037431
-0.0000969748
-0.0000906678
-0.0000847917
-0.0000792708
-0.0000740585
-0.0000691267
-0.0000644441
-0.0000599857
-0.0000557143
-0.0000516091
-0.0000476759
-0.0000439274
-0.0000403656
-0.0000369678
-0.0000337122
-0.0000306023
-0.0000276464
-0.0000248393
-0.0000221653
-0.0000196159
-0.0000171934
-0.0000149026
-0.0000127458
-0.0000107195
-0.0000088159
-0.0000070310
-0.0000053648
-0.0000038176
-0.0000023896
-0.0000010805
0.0000001106
0.0000011847
0.0000021430
0.0000029870
0.0000037178
0.0000043354
0.0000048402
0.0000052338
0.0000055182
0.0000056954
0.0000057673
0.0000057361
0.0000056037
0.0000053721
0.0000050436
0.0000046205
0.0000041050
0.0000034996
0.0000028066
0.0000020285
0.0000011676
0.0000002264
-0.0000007927
-0.0000018873
