PARKFIELD C02090 Earthquake
4215,0.005
0.0000000000
-0.0000577570
-0.0001158879
-0.0001729111
-0.0002284386
-0.0002827677
-0.0003368427
-0.0003947170
-0.0004637437
-0.0005495501
-0.0006465524
-0.0007427893
-0.0008280231
-0.0008957995
-0.0009552876
-0.0010183451
-0.0010853324
-0.0011543447
-0.0012225930
-0.0012859310
-0.0013419841
-0.0013962729
-0.0014681337
-0.0015876582
-0.0017708729
-0.0019783914
-0.0021433162
-0.0022206586
-0.0022064592
-0.0021317043
-0.0020811809
-0.0021696582
-0.0024461913
-0.0028831671
-0.0033811470
-0.0037870953
-0.0040008773
-0.0040308464
-0.0039602485
-0.0039349871
-0.0041096094
-0.0045893697
-0.0053710822
-0.0063111371
-0.0072107368
-0.0079079078
-0.0083361925
-0.0085613666
-0.0087300624
-0.0089953602
-0.0094564773
-0.0101030485
-0.0108198752
-0.0114169637
-0.0117225545
-0.0116933796
-0.0114091458
-0.0110054061
-0.0106541621
-0.0105363114
-0.0107307622
-0.0111613954
-0.0116715321
-0.0120886278
-0.0122848988
-0.0122427670
-0.0120622555
-0.0119046477
-0.0119043867
-0.0120920368
-0.0123879552
-0.0127073526
-0.0130038571
-0.0132488150
-0.0134626841
-0.0136893247
-0.0139710734
-0.0143680278
-0.0149107704
-0.0155408376
-0.0161378562
-0.0165869197
-0.0168210832
-0.0168729221
-0.0168609830
-0.0169144593
-0.0171456403
-0.0175990916
-0.0182192140
-0.0188967909
-0.0195349150
-0.0200671999
-0.0205047250
-0.0209315800
-0.0213864934
-0.0218557366
-0.0223107492
-0.0227080209
-0.0230022950
-0.0231820350
-0.0232860052
-0.0233799966
-0.0234934748
-0.0235930897
-0.0236100212
-0.0234708255
-0.0231552889
-0.0227137283
-0.0222672667
-0.0220646525
-0.0223861275
-0.0233410442
-0.0247422533
-0.0261662885
-0.0271783721
-0.0275183111
-0.0272729199
-0.0268659543
-0.0266441608
-0.0266191863
-0.0265522375
-0.0261517066
-0.0252704173
-0.0239388933
-0.0222841299
-0.0204690894
-0.0186602723
-0.0169399875
-0.0153027349
-0.0137244592
-0.0121720429
-0.0106030751
-0.0090037648
-0.0073934507
-0.0058539305
-0.0045531899
-0.0036852183
-0.0033927142
-0.0037077437
-0.0045012908
-0.0055759486
-0.0067863954
-0.0079925019
-0.0090168823
-0.0097497097
-0.0102536770
-0.0107145781
-0.0113276578
-0.0122250758
-0.0134248197
-0.0148180800
-0.0162337342
-0.0175303568
-0.0186412438
-0.0195334274
-0.0201171087
-0.0202705890
-0.0199733620
-0.0193200576
-0.0184875990
-0.0176859728
-0.0170891374
-0.0167274739
-0.0165037581
-0.0162970310
-0.0159547456
-0.0154015334
-0.0146725316
-0.0138622264
-0.0130945675
-0.0124620380
-0.0120002503
-0.0117067163
-0.0115764797
-0.0116045227
-0.0117801268
-0.0120922771
-0.0125341445
-0.0131121957
-0.0138121865
-0.0145486677
-0.0152215924
-0.0157986862
-0.0162892039
-0.0167100783
-0.0171050944
-0.0175418307
-0.0180922831
-0.0187876756
-0.0196018593
-0.0204967255
-0.0214268514
-0.0223054033
-0.0230384069
-0.0235743989
-0.0238754756
-0.0239046197
-0.0236639249
-0.0231916251
-0.0225734707
-0.0219221380
-0.0213354198
-0.0209412393
-0.0208718083
-0.0211904254
-0.0218922524
-0.0228926716
-0.0239849925
-0.0248894317
-0.0253947172
-0.0255210631
-0.0254722196
-0.0254061364
-0.0253560025
-0.0252926622
-0.0251870011
-0.0250271124
-0.0248293109
-0.0246514820
-0.0245284491
-0.0244299552
-0.0243166228
-0.0241547207
-0.0239154869
-0.0236178554
-0.0233292372
-0.0231260074
-0.0230835834
-0.0232731468
-0.0237600796
-0.0245597423
-0.0255614595
-0.0265558816
-0.0273570852
-0.0278749083
-0.0281060988
-0.0281274571
-0.0280676584
-0.0280365339
-0.0280760302
-0.0281654949
-0.0282667677
-0.0283537285
-0.0284087373
-0.0284425556
-0.0284911808
-0.0285938041
-0.0287945006
-0.0291047268
-0.0295207114
-0.0300027985
-0.0304495049
-0.0307324515
-0.0308091041
-0.0307194414
-0.0305608700
-0.0304844951
-0.0306164790
-0.0310555404
-0.0317940039
-0.0327081058
-0.0336406181
-0.0344563621
-0.0350494105
-0.0354002552
-0.0355837767
-0.0357185406
-0.0359112629
-0.0361788230
-0.0364973751
-0.0368690382
-0.0373057404
-0.0378181832
-0.0383920080
-0.0389824632
-0.0395486421
-0.0400507744
-0.0404529112
-0.0407338467
-0.0408811482
-0.0409222988
-0.0409208306
-0.0409335348
-0.0409861897
-0.0410365508
-0.0410148313
-0.0408854282
-0.0406362196
-0.0402590041
-0.0397900130
-0.0393101730
-0.0388521104
-0.0383790651
-0.0378070784
-0.0370246696
-0.0359583804
-0.0346059642
-0.0330127858
-0.0313507685
-0.0299305285
-0.0291228417
-0.0291954805
-0.0301099481
-0.0315289844
-0.0330951979
-0.0346309968
-0.0360237885
-0.0371459516
-0.0378758774
-0.0382084612
-0.0382429930
-0.0380352048
-0.0376258223
-0.0370690194
-0.0363666191
-0.0354503827
-0.0342584877
-0.0327865614
-0.0310717818
-0.0291939108
-0.0272594479
-0.0253916856
-0.0237150452
-0.0223019908
-0.0211546992
-0.0202241438
-0.0194134889
-0.0186041271
-0.0177041721
-0.0166703520
-0.0154888337
-0.0141570336
-0.0126764563
-0.0110519615
-0.0092796094
-0.0073207614
-0.0051300686
-0.0027183893
-0.0001283747
0.0025856816
0.0053295575
0.0080094123
0.0105640540
0.0129256759
0.0150383103
0.0169277214
0.0187071208
0.0205165067
0.0224815388
0.0246973492
0.0271471122
0.0296569980
0.0319665221
0.0338331051
0.0350971767
0.0356700144
0.0355506579
0.0348360955
0.0336085185
0.0319133977
0.0298420376
0.0274821955
0.0248572983
0.0219639840
0.0188421630
0.0156289133
0.0125235196
0.0097085335
0.0073114868
0.0054635061
0.0043032705
0.0038614784
0.0040907849
0.0048922262
0.0061326736
0.0077007983
0.0094939307
0.0114237641
0.0133791217
0.0152419133
0.0169639578
0.0185851203
0.0201833438
0.0218212838
0.0235569609
0.0254440679
0.0274590209
0.0294833987
0.0313566910
0.0329139242
0.0339839228
0.0343661590
0.0339326949
0.0327306706
0.0309045552
0.0285995654
0.0258929853
0.0228147804
0.0194367574
0.0157843585
0.0118196013
0.0076178666
0.0033885250
-0.0005762285
-0.0039804003
-0.0065551374
-0.0081038706
-0.0085206637
-0.0078459611
-0.0063607186
-0.0042954224
-0.0017161958
0.0013047469
0.0046617091
0.0081935725
0.0117004392
0.0150236468
0.0180882870
0.0208932014
0.0234210040
0.0256403001
0.0275336827
0.0290394859
0.0301367447
0.0308372898
0.0311047853
0.0309328409
0.0303796025
0.0295421548
0.0285499065
0.0275182848
0.0264904501
0.0254696969
0.0244503145
0.0233893785
0.0221883837
0.0207446422
0.0190792775
0.0173085741
0.0155429721
0.0138682832
0.0123236700
0.0108724834
0.0094261350
0.0079645739
0.0065676766
0.0053646662
0.0044743621
0.0039769796
0.0039742442
0.0045917240
0.0058342053
0.0075523313
0.0094915054
0.0114192146
0.0132178811
0.0147948917
0.0160860666
0.0170829969
0.0178844252
0.0186020595
0.0192493341
0.0198765514
0.0205740948
0.0213952682
0.0224208312
0.0237037909
0.0251410361
0.0265499695
0.0277748331
0.0286869136
0.0291574931
0.0291480711
0.0287682920
0.0281246743
0.0272389383
0.0261326763
0.0248453567
0.0234056201
0.0218498246
0.0202232830
0.0186233155
0.0171809491
0.0159992754
0.0151714487
0.0147620665
0.0147674409
0.0151120749
0.0157106950
0.0165369485
0.0176389030
0.0190941175
0.0209298527
0.0231547364
0.0257626813
0.0286935603
0.0319126309
0.0354175429
0.0391685387
0.0431094268
0.0471909973
0.0514173831
0.0558250174
0.0604253440
0.0652419017
0.0703180346
0.0756977096
0.0814214121
0.0875224260
0.0940270112
0.1009551660
0.1083116354
0.1161345189
0.1244823527
0.1333546932
0.1427630120
0.1527292454
0.1632245767
0.1742607886
0.1858487958
0.1979241789
0.2104507564
0.2234239594
0.2368167414
0.2505609283
0.2645451964
0.2786931546
0.2929723764
0.3073574315
0.3218124249
0.3362692830
0.3506672844
0.3649983537
0.3792832671
0.3935226944
0.4077094377
0.4218486132
0.4359042974
0.4498048728
0.4634926840
0.4769071384
0.4899785366
0.5026570689
0.5149045381
0.5266664680
0.5378547478
0.5483644592
0.5580687316
0.5667762217
0.5743509300
0.5807580322
0.5859109723
0.5897489297
0.5922622934
0.5933879729
0.5931275331
0.5915650566
0.5888257382
0.5850573592
0.5803669051
0.5748586979
0.5686399227
0.5618113216
0.5545309696
0.5469349537
0.5390424998
0.5308414102
0.5223202073
0.5134847241
0.5043766074
0.4950040297
0.4853385549
0.4753315805
0.4649448183
0.4542020162
0.4430945265
0.4315726117
0.4196571863
0.4073794663
0.3946890099
0.3814708801
0.3676074576
0.3530216127
0.3376228699
0.3212483912
0.3038460932
0.2854925460
0.2661719703
0.2458164244
0.2244558794
0.2022303846
0.1792785933
0.1557199704
0.1316714120
0.1072686784
0.0827293135
0.0582678866
0.0339798477
0.0099091202
-0.0138706567
-0.0373134024
-0.0604130668
-0.0831566976
-0.1055191978
-0.1274744552
-0.1490143158
-0.1701386286
-0.1908338941
-0.2110268597
-0.2306070443
-0.2495486500
-0.2678989991
-0.2857369889
-0.3031387554
-0.3201397254
-0.3367914728
-0.3531292953
-0.3691307439
-0.3848069347
-0.4002116741
-0.4154398370
-0.4307114482
-0.4463124493
-0.4624971693
-0.4794721684
-0.4973795335
-0.5162102964
-0.5358841450
-0.5563783094
-0.5776636679
-0.5996528645
-0.6221679578
-0.6449648229
-0.6677319592
-0.6901049938
-0.7117666559
-0.7324254948
-0.7517018140
-0.7691639939
-0.7844943550
-0.7973382063
-0.8072752582
-0.8142504515
-0.8184792583
-0.8200402797
-0.8190557552
-0.8159512901
-0.8114105316
-0.8061704255
-0.8007608884
-0.7954718784
-0.7903636294
-0.7852179052
-0.7795491309
-0.7727241012
-0.7641066746
-0.7532031728
-0.7395384489
-0.7225369947
-0.7019114064
-0.6775352632
-0.6494316933
-0.6178885532
-0.5832408961
-0.5463541371
-0.5081591519
-0.4691860917
-0.4301090786
-0.3916136147
-0.3541666707
-0.3179977620
-0.2830796473
-0.2493177948
-0.2165608911
-0.1845529688
-0.1530037440
-0.1217381556
-0.0908212615
-0.0604016487
-0.0307062255
-0.0020998023
0.0249119219
0.0494827261
0.0704842469
0.0871377836
0.0994321225
0.1080101006
0.1134906642
0.1163737618
0.1174598794
0.1176179925
0.1176999895
0.1185984229
0.1209468672
0.1248341577
0.1299718675
0.1359269498
0.1421720582
0.1482087177
0.1536497108
0.1582381301
0.1619016332
0.1647791193
0.1671586775
0.1693363434
0.1715498560
0.1739490482
0.1765343406
0.1791769603
0.1817125171
0.1839630425
0.1856990746
0.1866192869
0.1864383270
0.1850018158
0.1822951473
0.1783350749
0.1731327793
0.1668087300
0.1595313590
0.1513751549
0.1423619630
0.1324618000
0.1215385692
0.1094843333
0.0963179221
0.0821654860
0.0673239975
0.0521587920
0.0369505185
0.0219078912
0.0071773492
-0.0071446135
-0.0209167210
-0.0339205834
-0.0459837656
-0.0570013208
-0.0669090370
-0.0757181813
-0.0834041663
-0.0898107242
-0.0946431733
-0.0976029615
-0.0987958535
-0.0985676058
-0.0971356674
-0.0947083267
-0.0913381982
-0.0869242533
-0.0815194501
-0.0753107890
-0.0685277590
-0.0613699285
-0.0539705233
-0.0464587408
-0.0389142422
-0.0313828031
-0.0239783666
-0.0168607330
-0.0102037057
-0.0041311652
0.0012966472
0.0060420491
0.0100852594
0.0134630131
0.0163658071
0.0190070045
0.0215071412
0.0239567495
0.0264035673
0.0288614185
0.0313253761
0.0337428900
0.0360218750
0.0380371427
0.0396798581
0.0409095583
0.0416566618
0.0418250723
0.0413715188
0.0402289975
0.0383205804
0.0356761054
0.0323580446
0.0284123868
0.0239190449
0.0189576231
0.0136154879
0.0079715441
0.0020962457
-0.0039071638
-0.0099585056
-0.0160244535
-0.0220499778
-0.0279188789
-0.0335070593
-0.0387436274
-0.0436108805
-0.0481364555
-0.0523416107
-0.0562399953
-0.0599013192
-0.0634006751
-0.0668051740
-0.0702125228
-0.0737257192
-0.0774326795
-0.0813929796
-0.0856331980
-0.0901659784
-0.0949668743
-0.0999292488
-0.1049063019
-0.1097232508
-0.1141132400
-0.1177392705
-0.1202811353
-0.1215437455
-0.1214742002
-0.1201372087
-0.1177078250
-0.1143734885
-0.1103408905
-0.1058571156
-0.1011246067
-0.0962876018
-0.0914470561
-0.0866547150
-0.0819008071
-0.0771225294
-0.0722325710
-0.0671194408
-0.0616420141
-0.0556600855
-0.0490612470
-0.0418234723
-0.0341143779
-0.0261714066
-0.0182080806
-0.0105026622
-0.0032953332
0.0033377420
0.0094255959
0.0150719891
0.0204793064
0.0258509603
0.0313181567
0.0369839197
0.0429545609
0.0493183037
0.0560646838
0.0630750689
0.0702142835
0.0773442878
0.0842984166
0.0909325484
0.0971726470
0.1030291110
0.1086103796
0.1140627315
0.1195195370
0.1251081245
0.1309028335
0.1368984385
0.1429953050
0.1490443632
0.1548684861
0.1602273872
0.1648911933
0.1687592731
0.1717427443
0.1737124615
0.1746864195
0.1747629609
0.1740259606
0.1726392190
0.1707969975
0.1686157723
0.1660998295
0.1631669848
0.1597079985
0.1555851003
0.1506338613
0.1447169568
0.1376831888
0.1293737910
0.1198381174
0.1092896336
0.0980043220
0.0862912586
0.0744150774
0.0626568141
0.0513113093
0.0406040847
0.0305983304
0.0212468276
0.0125165490
0.0043222988
-0.0034315459
-0.0107759967
-0.0177022207
-0.0241418286
-0.0300042475
-0.0351790539
-0.0395361995
-0.0430402772
-0.0457199018
-0.0476067749
-0.0488652941
-0.0497066241
-0.0502344331
-0.0505486436
-0.0507632345
-0.0509048571
-0.0509438176
-0.0508811972
-0.0507293381
-0.0504811726
-0.0501015471
-0.0495409570
-0.0487840846
-0.0478489488
-0.0467935422
-0.0457195252
-0.0447269974
-0.0438846120
-0.0432791100
-0.0429794909
-0.0429964065
-0.0433509871
-0.0440295417
-0.0449832266
-0.0461610409
-0.0474822162
-0.0488551535
-0.0501934943
-0.0514223735
-0.0524889077
-0.0533633469
-0.0540148871
-0.0544306721
-0.0546680212
-0.0548081362
-0.0548656520
-0.0548297483
-0.0546937444
-0.0544506667
-0.0540868685
-0.0535854960
-0.0529480279
-0.0521578124
-0.0511846450
-0.0500312762
-0.0486746284
-0.0470592506
-0.0451574120
-0.0429574540
-0.0404600150
-0.0376276923
-0.0343907621
-0.0307287662
-0.0266455320
-0.0221117296
-0.0171201439
-0.0117184220
-0.0059326449
0.0002148956
0.0066409894
0.0132639895
0.0200320325
0.0268803373
0.0337445725
0.0405859059
0.0473796997
0.0541268943
0.0608639979
0.0676196325
0.0743762168
0.0811003742
0.0877656592
0.0943342804
0.1007852005
0.1071227324
0.1133064194
0.1192512456
0.1249087548
0.1302642909
0.1353191389
0.1401205036
0.1447288793
0.1491916828
0.1535798428
0.1579875476
0.1625086931
0.1672217723
0.1721713947
0.1773615646
0.1827858644
0.1884454987
0.1942846233
0.2001801054
0.2060028167
0.2116496475
0.2170461406
0.2221277677
0.2268319252
0.2310988966
0.2348695242
0.2380869867
0.2407143694
0.2427541387
0.2442306673
0.2451359373
0.2454540384
0.2452031363
0.2443878994
0.2430047153
0.2410280851
0.2383981380
0.2350606472
0.2309318070
0.2259323216
0.2200293258
0.2131870837
0.2054243022
0.1968809144
0.1877498863
0.1782206182
0.1684412976
0.1585283268
0.1486021205
0.1387799301
0.1291739252
0.1198557485
0.1108537544
0.1021833954
0.0938572434
0.0859225329
0.0784284889
0.0713978686
0.0648927548
0.0590122807
0.0538527537
0.0494386016
0.0456569379
0.0423488252
0.0393870106
0.0366513361
0.0340380098
0.0314396316
0.0287298132
0.0257972481
0.0225753729
0.0189960712
0.0149794891
0.0104704841
0.0053803265
-0.0003667367
-0.0067464428
-0.0136964900
-0.0211834493
-0.0291335682
-0.0374122970
-0.0459134251
-0.0545677028
-0.0632835070
-0.0719441870
-0.0804674843
-0.0887757783
-0.0967705531
-0.1043118850
-0.1112414863
-0.1174767560
-0.1229623506
-0.1276537305
-0.1315071287
-0.1344938130
-0.1367122871
-0.1382936919
-0.1393246080
-0.1399812945
-0.1404753359
-0.1409231658
-0.1413659219
-0.1418168282
-0.1422790021
-0.1427118558
-0.1430546291
-0.1432831372
-0.1434012890
-0.1433882186
-0.1432505156
-0.1430798085
-0.1429758242
-0.1430278462
-0.1433097109
-0.1438611412
-0.1446832076
-0.1457604038
-0.1470443977
-0.1484503668
-0.1498959708
-0.1512997232
-0.1525733530
-0.1536175675
-0.1543274680
-0.1546170175
-0.1544602941
-0.1539453424
-0.1531911315
-0.1522296858
-0.1510251489
-0.1494949524
-0.1475807782
-0.1452755239
-0.1425947311
-0.1395716400
-0.1361817555
-0.1323551194
-0.1281098867
-0.1235316630
-0.1187159867
-0.1137692890
-0.1088184440
-0.1039950340
-0.0993806113
-0.0950034016
-0.0908416875
-0.0868613223
-0.0830513071
-0.0793797719
-0.0757754647
-0.0721681380
-0.0685007413
-0.0647180710
-0.0608190940
-0.0568685235
-0.0529170262
-0.0489817176
-0.0450874913
-0.0412628530
-0.0374937332
-0.0337273187
-0.0299168416
-0.0260268134
-0.0220465176
-0.0179889634
-0.0138781142
-0.0097481008
-0.0056297961
-0.0015716372
0.0023504744
0.0060819978
0.0095708732
0.0127475444
0.0155816755
0.0180666759
0.0202073513
0.0220243000
0.0235085476
0.0246522644
0.0254647110
0.0259403473
0.0260967434
0.0259732724
0.0255910827
0.0249695065
0.0241455059
0.0231574757
0.0220508064
0.0208835965
0.0197179664
0.0186101177
0.0175794998
0.0166307851
0.0157925059
0.0151128483
0.0146234434
0.0143147388
0.0141487128
0.0140640832
0.0140046726
0.0139472947
0.0138743752
0.0137445704
0.0135154434
0.0131629167
0.0126821611
0.0121216223
0.0115684865
0.0110817434
0.0106821202
0.0103799417
0.0101978218
0.0101312210
0.0101439169
0.0102238076
0.0103613046
0.0105598728
0.0108399371
0.0111858762
0.0115912196
0.0120849102
0.0127144082
0.0135444745
0.0146081198
0.0159422865
0.0175885281
0.0195348771
0.0217741195
0.0243437011
0.0272543228
0.0304486095
0.0338571907
0.0374474754
0.0412047342
0.0450898994
0.0490584867
0.0530942705
0.0571876585
0.0613501223
0.0656107473
0.0699201659
0.0741743264
0.0782613562
0.0820601729
0.0854584220
0.0883946819
0.0908101258
0.0926246091
0.0938135823
0.0943368817
0.0941619505
0.0934318669
0.0923716652
0.0911226819
0.0897631656
0.0883374440
0.0868270720
0.0851573376
0.0832870808
0.0812106239
0.0789135102
0.0764018729
0.0737511239
0.0710381829
0.0683464294
0.0657886362
0.0634142323
0.0612377887
0.0592762015
0.0575060308
0.0558173982
0.0541111882
0.0523437290
0.0504526127
0.0484003674
0.0461831954
0.0438023313
0.0412825508
0.0386659549
0.0359788170
0.0332497869
0.0304980971
0.0276859081
0.0247541527
0.0216874321
0.0185114102
0.0152211784
0.0118033189
0.0082738422
0.0046233315
0.0008421816
-0.0030393768
-0.0070094147
-0.0110694068
-0.0152198087
-0.0194625792
-0.0237988917
-0.0282272688
-0.0327423076
-0.0373348227
-0.0419952384
-0.0467192821
-0.0514795958
-0.0562484722
-0.0610069552
-0.0657218753
-0.0703549619
-0.0749019937
-0.0793722206
-0.0837701218
-0.0880892622
-0.0923078664
-0.0964333633
-0.1005071768
-0.1045601771
-0.1085785544
-0.1125336830
-0.1164277721
-0.1202652236
-0.1239990271
-0.1275683939
-0.1309345662
-0.1340519829
-0.1368618678
-0.1392864457
-0.1412559966
-0.1427522655
-0.1438140165
-0.1445376001
-0.1450006212
-0.1452250965
-0.1452493988
-0.1451395598
-0.1449467912
-0.1447297680
-0.1445619299
-0.1444664040
-0.1444314129
-0.1444611848
-0.1445599700
-0.1447257582
-0.1449405861
-0.1451802443
-0.1454577539
-0.1458072633
-0.1462325143
-0.1467212945
-0.1472824997
-0.1479308421
-0.1486725759
-0.1494721182
-0.1502339329
-0.1508430467
-0.1512127093
-0.1513202949
-0.1511696261
-0.1507491913
-0.1500388333
-0.1490308157
-0.1477527178
-0.1462228882
-0.1444364569
-0.1424092511
-0.1401496571
-0.1376454925
-0.1348786390
-0.1318079059
-0.1284065931
-0.1246579044
-0.1205068523
-0.1159309675
-0.1109795084
-0.1057012304
-0.1001247796
-0.0942706416
-0.0881623864
-0.0818636147
-0.0754659100
-0.0690590389
-0.0627286285
-0.0565551393
-0.0505873665
-0.0448210370
-0.0392295174
-0.0337878517
-0.0284744540
-0.0232531715
-0.0180887013
-0.0129884996
-0.0079636941
-0.0029985838
0.0019050594
0.0067409555
0.0115294634
0.0162774140
0.0209894389
0.0257101233
0.0304825712
0.0353193680
0.0402521512
0.0453122626
0.0504605437
0.0556239740
0.0607568710
0.0658270286
0.0708046816
0.0756671210
0.0803854712
0.0849517817
0.0893837408
0.0936773231
0.0978130593
0.1017740468
0.1055068526
0.1089643566
0.1121591817
0.1151138609
0.1178400310
0.1203258336
0.1225577079
0.1245544771
0.1263339668
0.1279246349
0.1293753303
0.1307096212
0.1319548767
0.1331429822
0.1342546249
0.1352614904
0.1361733102
0.1370197838
0.1378454778
0.1386907999
0.1395805694
0.1405345443
0.1415565996
0.1426492350
0.1438203240
0.1450705425
0.1464105449
0.1478626488
0.1494517068
0.1511680691
0.1529680635
0.1548304983
0.1567449784
0.1587189061
0.1607649478
0.1628483598
0.1649347890
0.1670197931
0.1690887040
0.1711091140
0.1730481579
0.1748858377
0.1765778547
0.1780630391
0.1792919485
0.1802227690
0.1808566076
0.1812052163
0.1812298890
0.1808973052
0.1802179935
0.1792090592
0.1778757978
0.1762212149
0.1742977652
0.1721417503
0.1697354190
0.1670903560
0.1642074077
0.1610619176
0.1576588360
0.1540068257
0.1501398826
0.1461017999
0.1418883577
0.1374753211
0.1328277160
0.1279170966
0.1227587585
0.1173642069
0.1117276949
0.1059172088
0.1000172205
0.0940423715
0.0880181620
0.0819807066
0.0759324830
0.0698877674
0.0638854749
0.0579716427
0.0521644247
0.0464911845
0.0409785992
0.0356130882
0.0303875206
0.0252845703
0.0203201483
0.0155330882
0.0109215346
0.0064855656
0.0022449808
-0.0017612434
-0.0055015125
-0.0090219508
-0.0123937805
-0.0156437977
-0.0187958420
-0.0218533802
-0.0248109942
-0.0276675433
-0.0304265527
-0.0331050993
-0.0357384605
-0.0383656605
-0.0409920952
-0.0436130721
-0.0462299828
-0.0488483117
-0.0514728342
-0.0540992965
-0.0567076669
-0.0592641994
-0.0617462760
-0.0641852261
-0.0666286544
-0.0690820079
-0.0715237092
-0.0739166758
-0.0762224115
-0.0784365657
-0.0805649808
-0.0826069767
-0.0845606679
-0.0864290179
-0.0882219307
-0.0899525240
-0.0916343917
-0.0932549617
-0.0948121179
-0.0963088076
-0.0977084158
-0.0989797749
-0.1001305196
-0.1011526202
-0.1020231154
-0.1027594406
-0.1034003707
-0.1039435051
-0.1043430378
-0.1045459987
-0.1045407611
-0.1043644422
-0.1040256733
-0.1034773715
-0.1026525438
-0.1015101552
-0.1000676174
-0.0983633240
-0.0964235547
-0.0942823815
-0.0919615348
-0.0894612280
-0.0867840429
-0.0839307523
-0.0808984426
-0.0776866994
-0.0742891937
-0.0707029935
-0.0669562158
-0.0631119668
-0.0592405223
-0.0553690265
-0.0514873335
-0.0475896084
-0.0436832995
-0.0397914750
-0.0359506413
-0.0321878103
-0.0284820220
-0.0248209544
-0.0212312628
-0.0176981478
-0.0142125503
-0.0108041175
-0.0074595726
-0.0041673129
-0.0009452043
0.0022424050
0.0054336160
0.0086107838
0.0117409658
0.0148010360
0.0178053801
0.0207559610
0.0235991904
0.0262977056
0.0288405524
0.0311863486
0.0333224940
0.0352773469
0.0370405411
0.0385744504
0.0398561165
0.0409176074
0.0418072537
0.0425302793
0.0430752251
0.0434379601
0.0436182132
0.0436144490
0.0434222531
0.0430386024
0.0424757709
0.0417770908
0.0410118136
0.0402309513
0.0394413101
0.0386366211
0.0378264725
0.0370394761
0.0363099938
0.0356427160
0.0349831263
0.0342465696
0.0333835068
0.0323926535
0.0312585926
0.0299383371
0.0284471051
0.0268535890
0.0251880681
0.0234429051
0.0215957721
0.0196237682
0.0175032437
0.0152312325
0.0128416973
0.0103432916
0.0076909763
0.0048468659
0.0018226254
-0.0013474133
-0.0046223370
-0.0079898822
-0.0115037472
-0.0152308509
-0.0191899016
-0.0233379869
-0.0275551667
-0.0317601361
-0.0359635373
-0.0401782197
-0.0444048137
-0.0486394939
-0.0528770293
-0.0571139227
-0.0613484369
-0.0655803536
-0.0698107205
-0.0740424416
-0.0782796469
-0.0825236979
-0.0867645814
-0.0909715543
-0.0950997624
-0.0991167662
-0.1029741627
-0.1066150293
-0.1100343444
-0.1132292123
-0.1161445813
-0.1187225897
-0.1209409258
-0.1227827473
-0.1242185400
-0.1252333144
-0.1258741692
-0.1262259164
-0.1263243462
-0.1261597091
-0.1257066104
-0.1249355463
-0.1238620434
-0.1225240023
-0.1209359162
-0.1191065333
-0.1170374266
-0.1147522119
-0.1123191764
-0.1097719615
-0.1070964078
-0.1043055110
-0.1014228133
-0.0984421766
-0.0953722310
-0.0922386368
-0.0890707301
-0.0858748144
-0.0826153947
-0.0792799148
-0.0759108571
-0.0725471884
-0.0691898872
-0.0658336224
-0.0624699985
-0.0590835736
-0.0556573643
-0.0521935284
-0.0487364493
-0.0452868947
-0.0417852597
-0.0382460515
-0.0347114604
-0.0311663370
-0.0275738114
-0.0239071648
-0.0201862411
-0.0164220045
-0.0125875120
-0.0087013595
-0.0048076571
-0.0009300433
0.0029008615
0.0066480539
0.0103063383
0.0138810291
0.0173727968
0.0207765747
0.0240771621
0.0272462971
0.0302506287
0.0330814942
0.0357370610
0.0382147223
0.0405091492
0.0426104312
0.0445087583
0.0462037321
0.0477186049
0.0490802272
0.0503023301
0.0514019014
0.0523779282
0.0532191925
0.0539460359
0.0545860012
0.0551584191
0.0556981381
0.0562334645
0.0567764619
0.0573500972
0.0579808290
0.0586872696
0.0594960889
0.0604329675
0.0614805648
0.0626025094
0.0637824787
0.0650104657
0.0662969606
0.0676544298
0.0690471533
0.0704423943
0.0718417950
0.0732414529
0.0746203843
0.0759469400
0.0772037369
0.0784080803
0.0795633544
0.0806517685
0.0816862389
0.0826636367
0.0835544150
0.0843628563
0.0850999674
0.0857897292
0.0864475148
0.0870464564
0.0875899669
0.0881055677
0.0885779789
0.0889580743
0.0892272940
0.0893698749
0.0893856411
0.0893199780
0.0891858384
0.0889916824
0.0887416695
0.0884183983
0.0880611444
0.0877112180
0.0873492120
0.0869364482
0.0864467411
0.0859052125
0.0853576900
0.0848263342
0.0843392446
0.0839346639
0.0836230695
0.0834044844
0.0832782447
0.0832306790
0.0832281070
0.0832324449
0.0832389845
0.0832541241
0.0832809792
0.0833197715
0.0833640761
0.0833985717
0.0833986239
0.0833403024
0.0832247431
0.0830533233
0.0827854923
0.0823894120
0.0818794278
0.0812609514
0.0805246535
0.0796818669
0.0787328963
0.0776543084
0.0764334626
0.0750611470
0.0735315504
0.0718662121
0.0700795956
0.0681843178
0.0661977659
0.0641094524
0.0619048474
0.0595832329
0.0571739092
0.0547043924
0.0521447917
0.0494635300
0.0466919153
0.0438731790
0.0409999798
0.0380595882
0.0350896591
0.0321215425
0.0291464425
0.0261557036
0.0231573172
0.0201869567
0.0173087953
0.0145814680
0.0120055454
0.0095384178
0.0071634806
0.0049246621
0.0028712357
0.0010029625
-0.0007122193
-0.0023258261
-0.0038870790
-0.0054302965
-0.0069691510
-0.0084995435
-0.0100212903
-0.0115397099
-0.0130610498
-0.0145867000
-0.0161048591
-0.0175816161
-0.0189704762
-0.0202501290
-0.0214092769
-0.0224516870
-0.0234211180
-0.0243345020
-0.0251729088
-0.0259169382
-0.0265391773
-0.0270473931
-0.0274970637
-0.0279042964
-0.0282304303
-0.0284583986
-0.0286021596
-0.0286899211
-0.0287586316
-0.0288243839
-0.0288957198
-0.0290005304
-0.0291770345
-0.0294400899
-0.0297884459
-0.0302292451
-0.0307816182
-0.0314672279
-0.0322896613
-0.0332606134
-0.0343846032
-0.0356373424
-0.0370076124
-0.0384770104
-0.0400236930
-0.0416659863
-0.0434245892
-0.0452888572
-0.0472391001
-0.0492654848
-0.0513603346
-0.0535260502
-0.0557697591
-0.0580903287
-0.0604745034
-0.0628863162
-0.0653022972
-0.0677179770
-0.0701131375
-0.0724508858
-0.0747047863
-0.0768841103
-0.0789972258
-0.0810300585
-0.0829311478
-0.0846400307
-0.0861793182
-0.0875675324
-0.0887327883
-0.0896100820
-0.0901467581
-0.0902966076
-0.0900865311
-0.0895228403
-0.0886049587
-0.0873397397
-0.0857008176
-0.0837458299
-0.0815427984
-0.0791230037
-0.0765013755
-0.0736415564
-0.0705159929
-0.0671512846
-0.0635663507
-0.0597398310
-0.0556921073
-0.0514720820
-0.0471139705
-0.0426484363
-0.0380874076
-0.0334579272
-0.0288201304
-0.0242462726
-0.0198342192
-0.0156584555
-0.0117271297
-0.0080587533
-0.0047138306
-0.0016979944
0.0009972933
0.0033504374
0.0053784589
0.0071228468
0.0086082789
0.0098705383
0.0109606576
0.0119067567
0.0127359751
0.0134774112
0.0141662504
0.0148427610
0.0155126139
0.0161437486
0.0166920420
0.0171321757
0.0174510045
0.0176404256
0.0177227448
0.0177246531
0.0176728595
0.0176043822
0.0175346077
0.0174619606
0.0173872544
0.0173130500
0.0172392160
0.0171546554
0.0170327987
0.0168468422
0.0166058584
0.0163492462
0.0160949108
0.0158369245
0.0155748449
0.0153209167
0.0150964976
0.0149150307
0.0147515578
0.0145557049
0.0143128436
0.0140236050
0.0136478338
0.0131452369
0.0125231165
0.0117936568
0.0109419868
0.0099694260
0.0088833722
0.0076726812
0.0063520157
0.0049463205
0.0034471743
0.0018370156
0.0000993102
-0.0017592416
-0.0037239093
-0.0058159631
-0.0080309757
-0.0103298541
-0.0126980437
-0.0151239446
-0.0176081330
-0.0201631864
-0.0227550915
-0.0253510462
-0.0279526155
-0.0305535503
-0.0331285349
-0.0356430403
-0.0380856737
-0.0404955813
-0.0429090796
-0.0453260798
-0.0477446289
-0.0501664072
-0.0525878997
-0.0549917345
-0.0573432460
-0.0596094712
-0.0617966013
-0.0639063418
-0.0659145066
-0.0677661803
-0.0693930659
-0.0707717599
-0.0719111213
-0.0727785100
-0.0732869749
-0.0734150961
-0.0731490017
-0.0724828855
-0.0714555112
-0.0700803683
-0.0683847903
-0.0664144713
-0.0642003851
-0.0617974462
-0.0592540013
-0.0565402745
-0.0536580913
-0.0506094315
-0.0473709123
-0.0439709039
-0.0404472364
-0.0368289874
-0.0331296197
-0.0293872274
-0.0256645447
-0.0220244519
-0.0185338700
-0.0152138095
-0.0120371553
-0.0089741968
-0.0060226898
-0.0032221363
-0.0005923584
0.0018974091
0.0042727328
0.0065204486
0.0086052042
0.0105106519
0.0122360981
0.0137735954
0.0151079027
0.0162281596
0.0171538847
0.0179376164
0.0185938664
0.0191217521
0.0195554118
0.0199182833
0.0202449066
0.0205660403
0.0208829682
0.0212084802
0.0215779582
0.0220365013
0.0226272186
0.0234195444
0.0244686119
0.0257598836
0.0272809314
0.0290225184
0.0309141101
0.0328941452
0.0349698084
0.0371454523
0.0394009902
0.0416977954
0.0440003957
0.0462992382
0.0485765006
0.0508047867
0.0529683335
0.0550758221
0.0571079806
0.0590162907
0.0608050811
0.0625074761
0.0641162415
0.0656112061
0.0669786756
0.0682302595
0.0694008894
0.0704833452
0.0714470223
0.0722514833
0.0728732723
0.0733385429
0.0736854671
0.0739338059
0.0740648369
0.0740628896
0.0739160943
0.0735660440
0.0729858307
0.0722307733
0.0713255259
0.0702243254
0.0689091327
0.0673959523
0.0657149010
0.0638849728
0.0618984477
0.0597680773
0.0574894090
0.0550487447
0.0524549123
0.0497019254
0.0467913879
0.0437732329
0.0407026973
0.0376140996
0.0345134966
0.0313695049
0.0281517579
0.0248690950
0.0215614798
0.0182511577
0.0149483546
0.0116876924
0.0085248120
0.0054960871
0.0026096940
-0.0001014586
-0.0025973188
-0.0048551672
-0.0068199440
-0.0084321118
-0.0096812866
-0.0105920241
-0.0111987144
-0.0115011374
-0.0114878504
-0.0111848843
-0.0106123517
-0.0098016881
-0.0088085731
-0.0076855355
-0.0064925927
-0.0052654339
-0.0040154874
-0.0027833897
-0.0016170751
-0.0005417914
0.0004464671
0.0013468294
0.0021499300
0.0028421707
0.0034130129
0.0038611657
0.0041141767
0.0041031956
0.0038631816
0.0034408610
0.0028525145
0.0021447089
0.0013921810
0.0006417332
-0.0000878535
-0.0007679486
-0.0013858438
-0.0019735984
-0.0025551930
-0.0031213476
-0.0036774267
-0.0042482724
-0.0048352933
-0.0054270344
-0.0060277645
-0.0066308388
-0.0072010746
-0.0076779344
-0.0080140059
-0.0082275273
-0.0083636564
-0.0084457110
-0.0085016024
-0.0085522046
-0.0086066005
-0.0086898084
-0.0088318207
-0.0090306481
-0.0092473011
-0.0094588741
-0.0096725808
-0.0098956452
-0.0101255459
-0.0103454409
-0.0105243145
-0.0106353508
-0.0106931775
-0.0107389457
-0.0107890990
-0.0108405897
-0.0108924630
-0.0109451755
-0.0109936241
-0.0110203346
-0.0109970113
-0.0109031406
-0.0107308452
-0.0104652864
-0.0101038850
-0.0096627222
-0.0091776542
-0.0086872087
-0.0081963976
-0.0076998173
-0.0071970073
-0.0066915164
-0.0061890729
-0.0056930100
-0.0051978406
-0.0046834166
-0.0041173491
-0.0034794510
-0.0028024322
-0.0021183011
-0.0014190654
-0.0007191910
-0.0000872400
0.0003649893
0.0005538208
0.0004709293
0.0001530169
-0.0003506074
-0.0010232757
-0.0018749243
-0.0028836662
-0.0040468907
-0.0053710313
-0.0068133603
-0.0083400909
-0.0099644508
-0.0117116351
-0.0136009760
-0.0156202273
-0.0177211812
-0.0198773688
-0.0220844653
-0.0243671080
-0.0267569523
-0.0292458786
-0.0317952834
-0.0343393154
-0.0368118115
-0.0391788492
-0.0414212258
-0.0435182764
-0.0454679448
-0.0472722891
-0.0488904174
-0.0502865405
-0.0514595870
-0.0523860922
-0.0530253865
-0.0533321768
-0.0532647035
-0.0528366029
-0.0520981706
-0.0510733738
-0.0497299250
-0.0480330232
-0.0460066709
-0.0437014326
-0.0411464559
-0.0383695901
-0.0353925700
-0.0321940469
-0.0287467216
-0.0250728528
-0.0212658605
-0.0173908504
-0.0134784860
-0.0095586382
-0.0056241094
-0.0016718898
0.0022785068
0.0061801076
0.0099678391
0.0135967790
0.0170187441
0.0201853273
0.0230378242
0.0254779536
0.0274421740
0.0288721738
0.0296896417
0.0298197235
0.0291351682
0.0275443699
0.0251410722
0.0220917111
0.0185246502
0.0145298612
0.0101760036
0.0055663755
0.0007791738
-0.0041561603
-0.0091897441
-0.0142614818
-0.0193511656
-0.0244537546
-0.0295290313
-0.0344905256
-0.0392375250
-0.0437026775
-0.0478264612
-0.0515072961
-0.0546370118
-0.0571065044
-0.0587922198
-0.0596620875
-0.0597878704
-0.0592362364
-0.0580716028
-0.0563869019
-0.0542994784
-0.0519401140
-0.0494151623
-0.0468011867
-0.0441540071
-0.0415111276
-0.0389149701
-0.0364103486
-0.0340222420
-0.0317501235
-0.0295891288
-0.0275523186
-0.0256556729
-0.0239209952
-0.0223432176
-0.0209214949
-0.0196863219
-0.0186269727
-0.0177286091
-0.0169836026
-0.0163506113
-0.0157803200
-0.0152370399
-0.0147048892
-0.0141854490
-0.0136748991
-0.0131521227
-0.0125819420
-0.0119390130
-0.0112497157
-0.0105581410
-0.0098750476
-0.0091976182
-0.0085188127
-0.0078199319
-0.0070689537
-0.0062399224
-0.0053512251
-0.0044121618
-0.0033997920
-0.0023469250
-0.0012959611
-0.0002450793
0.0008092138
0.0018642744
0.0029168716
0.0039694015
0.0050375215
0.0061517503
0.0073399307
0.0085937906
0.0099252064
0.0113849308
0.0129692692
0.0146344814
0.0163629672
0.0181450986
0.0199915753
0.0219351546
0.0239686325
0.0260704807
0.0282228779
0.0304266172
0.0327028739
0.0350414584
0.0374425084
0.0399196678
0.0424354157
0.0449433075
0.0474189141
0.0498342068
0.0521844073
0.0545111585
0.0568480197
0.0591914814
0.0615309401
0.0638503582
0.0661260429
0.0683386241
0.0704786807
0.0725204857
0.0744153500
0.0761281350
0.0776305098
0.0788738628
0.0798135246
0.0804297167
0.0806847368
0.0805180637
0.0799098132
0.0788705191
0.0774064118
0.0755164713
0.0732343902
0.0706663872
0.0679129811
0.0650123022
0.0619746483
0.0588194447
0.0556082289
0.0524381449
0.0493712117
0.0464329373
0.0436520584
0.0410414843
0.0385974356
0.0363210795
0.0342289341
0.0323592448
0.0307579054
0.0294354572
0.0283618452
0.0274814641
0.0267351341
0.0261146934
0.0256240649
0.0252085749
0.0248046309
0.0243978933
0.0240076855
0.0236660914
0.0234003124
0.0231953457
0.0230067379
0.0228071709
0.0225744817
0.0222735378
0.0218782945
0.0213612866
0.0206832878
0.0198253303
0.0187860060
0.0175673290
0.0161818572
0.0146555089
0.0130147413
0.0112561674
0.0093639417
0.0073489900
0.0052132518
0.0029480718
0.0005779162
-0.0018721446
-0.0043925688
-0.0069771792
-0.0096278090
-0.0123041721
-0.0149249198
-0.0174457191
-0.0198447688
-0.0220880520
-0.0241555273
-0.0260361487
-0.0277160610
-0.0291969556
-0.0305052579
-0.0316921299
-0.0328268281
-0.0339493208
-0.0350566180
-0.0361473436
-0.0372461838
-0.0384050839
-0.0396781596
-0.0410624783
-0.0425034699
-0.0439887914
-0.0455608405
-0.0472357442
-0.0489996218
-0.0508150349
-0.0526271111
-0.0543953451
-0.0560821082
-0.0576706874
-0.0591448202
-0.0604870781
-0.0617000980
-0.0627610258
-0.0636576763
-0.0643643363
-0.0648242742
-0.0650543706
-0.0651038780
-0.0649834935
-0.0646872931
-0.0642056489
-0.0635208674
-0.0626089904
-0.0614624430
-0.0601233812
-0.0586230146
-0.0569127748
-0.0549728209
-0.0528510411
-0.0505905610
-0.0482277640
-0.0457806776
-0.0432768237
-0.0407592139
-0.0382525047
-0.0357841344
-0.0333802939
-0.0310305330
-0.0287271944
-0.0265025635
-0.0243686709
-0.0223237811
-0.0203695094
-0.0185068862
-0.0167324106
-0.0150356179
-0.0134018916
-0.0118251571
-0.0103223707
-0.0088697656
-0.0074238685
-0.0059759016
-0.0045295265
-0.0030863523
-0.0016465232
-0.0002094755
0.0012260358
0.0026626033
0.0041041191
0.0055530202
0.0070041640
0.0084384014
0.0098236981
0.0111373830
0.0124066598
0.0136739612
0.0149463948
0.0162185079
0.0174878014
0.0187539983
0.0200178369
0.0212798944
0.0225410396
0.0238034282
0.0250707985
0.0263456043
0.0276226048
0.0288820670
0.0300908893
0.0312256180
0.0323144123
0.0334011315
0.0344930068
0.0355843217
0.0366726141
0.0377579855
0.0388416830
0.0399243624
0.0410059260
0.0420865265
0.0431683059
0.0442554461
0.0453504801
0.0464459462
0.0475154014
0.0485151259
0.0494094097
0.0501938059
0.0508837155
0.0514631925
0.0518936377
0.0521460535
0.0521786310
0.0519430118
0.0514232167
0.0506422233
0.0496406586
0.0484619751
0.0471422183
0.0457121975
0.0441810950
0.0425478781
0.0408263997
0.0390479618
0.0372486683
0.0354404493
0.0336286244
0.0318483370
0.0301687158
0.0286602705
0.0273760756
0.0263657052
0.0256475177
0.0251867410
0.0249231383
0.0247907453
0.0247322912
0.0247320611
0.0248200066
0.0250115077
0.0252916201
0.0256382362
0.0260367317
0.0264959028
0.0270078416
0.0275480170
0.0281280987
0.0287763730
0.0294802423
0.0302003541
0.0309221829
0.0316478141
0.0323684857
0.0330599270
0.0336938911
0.0342671994
0.0347994216
0.0352790702
0.0356640952
0.0359053097
0.0359294238
0.0356789328
0.0351270083
0.0342356769
0.0329870451
0.0314120838
0.0295728144
0.0275361294
0.0253447174
0.0230307259
0.0206250295
0.0181505505
0.0156340973
0.0130820567
0.0104829725
0.0078631698
0.0052747916
0.0027292738
0.0002195160
-0.0022177172
-0.0045339700
-0.0067283561
-0.0088124420
-0.0107483287
-0.0125052690
-0.0141029718
-0.0155746978
-0.0169376526
-0.0181796315
-0.0193140728
-0.0203866883
-0.0213996329
-0.0223404453
-0.0232470508
-0.0241549481
-0.0250608300
-0.0259580301
-0.0268467516
-0.0277378905
-0.0286563781
-0.0296325788
-0.0306739099
-0.0317460235
-0.0328341103
-0.0339724990
-0.0351849733
-0.0364548759
-0.0377786583
-0.0391741031
-0.0406016998
-0.0420164359
-0.0434286708
-0.0448703680
-0.0463811919
-0.0479764583
-0.0495941926
-0.0511505013
-0.0526116599
-0.0539918775
-0.0552991651
-0.0565163195
-0.0575993535
-0.0584907897
-0.0591549385
-0.0595510558
-0.0596605419
-0.0594553890
-0.0589086309
-0.0580431940
-0.0568781733
-0.0553989966
-0.0536329192
-0.0516355893
-0.0494312817
-0.0470806595
-0.0446322531
-0.0420884814
-0.0394420298
-0.0366908997
-0.0338486197
-0.0309539627
-0.0280638051
-0.0252200139
-0.0224580178
-0.0197860952
-0.0172061956
-0.0147255231
-0.0123480118
-0.0101054736
-0.0080378438
-0.0061432871
-0.0044057745
-0.0028565250
-0.0014958103
-0.0002845683
0.0007641158
0.0016562767
0.0024163094
0.0030508593
0.0035913566
0.0040461532
0.0044026721
0.0046396917
0.0047380540
0.0047247641
0.0046349885
0.0044978173
0.0043455561
0.0041848666
0.0040040627
0.0038016813
0.0035986687
0.0034126036
0.0032436188
0.0031076818
0.0030347737
0.0030281726
0.0030778918
0.0031932235
0.0033593366
0.0035331342
0.0036999988
0.0038769269
0.0040923304
0.0043704470
0.0046986066
0.0050176964
0.0052746398
0.0054791924
0.0056662080
0.0058246651
0.0059124469
0.0059122220
0.0058256872
0.0056484642
0.0053786392
0.0050209836
0.0045813350
0.0040739255
0.0035385249
0.0030132573
0.0025234155
0.0020944252
0.0017202978
0.0013592685
0.0009936470
0.0006504558
0.0003713927
0.0001892130
0.0001283724
0.0002274146
0.0005113414
0.0009686123
0.0015693982
0.0022760752
0.0030697463
0.0039585319
0.0049494437
0.0060416662
0.0072228710
0.0084643819
0.0097286154
0.0109962649
0.0122721411
0.0135507120
0.0148049408
0.0159933982
0.0170874269
0.0180803333
0.0189630090
0.0197347694
0.0203924716
0.0208848180
0.0211692985
0.0212641590
0.0212169982
0.0210911268
0.0209418243
0.0207861563
0.0206271975
0.0204886856
0.0204091164
0.0204112328
0.0204945718
0.0206675920
0.0209592355
0.0214118755
0.0220503104
0.0228650764
0.0238315362
0.0249133530
0.0260803302
0.0273119631
0.0285746356
0.0298426590
0.0311071063
0.0323483902
0.0335407723
0.0346757995
0.0357498524
0.0367089665
0.0374751264
0.0380112433
0.0383161622
0.0384209267
0.0383611068
0.0381565847
0.0378291431
0.0373822621
0.0368007722
0.0360972750
0.0352976547
0.0344053523
0.0334298903
0.0323977881
0.0313384257
0.0302489264
0.0290887804
0.0278342083
0.0264903997
0.0250600946
0.0235386157
0.0219212920
0.0202128170
0.0184376316
0.0166413317
0.0148703783
0.0131603659
0.0115414684
0.0100380714
0.0086859580
0.0075076635
0.0065000637
0.0056633996
0.0050115971
0.0045738425
0.0043804404
0.0044292454
0.0046828199
0.0051187978
0.0057362269
0.0065167323
0.0074146003
0.0083723714
0.0093323857
0.0102466948
0.0111052366
0.0119090737
0.0126650062
0.0134112377
0.0141598151
0.0148711788
0.0154876090
0.0159726997
0.0163376341
0.0165960601
0.0167318452
0.0167433320
0.0166366317
0.0164057206
0.0160841157
0.0157320185
0.0153776414
0.0150381240
0.0147525505
0.0145613750
0.0144697676
0.0144377440
0.0144153137
0.0143960943
0.0144170762
0.0145149571
0.0146842020
0.0148692414
0.0150170996
0.0151016787
0.0151224676
0.0150980125
0.0150179212
0.0148549654
0.0146018182
0.0142480295
0.0137756859
0.0131732930
0.0124593307
0.0116663577
0.0108040264
0.0098771759
0.0088853053
0.0078501981
0.0068401315
0.0058938812
0.0049847651
0.0040767470
0.0031689085
0.0022895818
0.0014693165
0.0007128145
0.0000045011
-0.0006398916
-0.0011841701
-0.0016112822
-0.0019136594
-0.0021082694
-0.0022168712
-0.0022263104
-0.0021159736
-0.0018823853
-0.0015597726
-0.0011885292
-0.0007539721
-0.0002256315
0.0004002586
0.0011229069
0.0019357893
0.0028135290
0.0037103637
0.0045807838
0.0053909581
0.0061124180
0.0067209923
0.0071774639
0.0074524645
0.0075425916
0.0074471095
0.0071667275
0.0066883690
0.0059735993
0.0050202395
0.0038919294
0.0026448353
0.0012852096
-0.0001983827
-0.0017818934
-0.0034276300
-0.0051390537
-0.0069161743
-0.0087191658
-0.0105208401
-0.0123230976
-0.0141291104
-0.0159393162
-0.0177528155
-0.0195671690
-0.0213788646
-0.0231849501
-0.0249873627
-0.0267985288
-0.0286434650
-0.0305483586
-0.0325106848
-0.0345013321
-0.0365215762
-0.0386041184
-0.0407496028
-0.0429173337
-0.0450803274
-0.0472410853
-0.0494057034
-0.0515791486
-0.0537628555
-0.0559471420
-0.0581042918
-0.0601924269
-0.0621842023
-0.0640945539
-0.0659522746
-0.0677657397
-0.0695010272
-0.0711046672
-0.0725766799
-0.0739436973
-0.0751956447
-0.0763282958
-0.0773499081
-0.0782234683
-0.0789141289
-0.0794234010
-0.0797554809
-0.0799120607
-0.0798938581
-0.0797026196
-0.0793502789
-0.0788769543
-0.0783358734
-0.0777321331
-0.0770454215
-0.0762756337
-0.0754247046
-0.0745338131
-0.0736501208
-0.0727743854
-0.0718963203
-0.0709978913
-0.0700507514
-0.0690352726
-0.0679744873
-0.0668923586
-0.0657643107
-0.0645655583
-0.0633271068
-0.0620914193
-0.0608465487
-0.0595408777
-0.0581159655
-0.0565596276
-0.0549028410
-0.0531426328
-0.0512594348
-0.0492637923
-0.0471537524
-0.0449149777
-0.0425580994
-0.0400841619
-0.0374811448
-0.0347617600
-0.0319278999
-0.0289665215
-0.0258904983
-0.0227073682
-0.0194155047
-0.0160405021
-0.0126271903
-0.0092280085
-0.0058907127
-0.0026428504
0.0004961760
0.0034897676
0.0063040223
0.0089166230
0.0112932746
0.0134028812
0.0152235772
0.0167248535
0.0178884139
0.0187272597
0.0192886294
0.0196387591
0.0198108065
0.0198163437
0.0196879306
0.0194659394
0.0191758345
0.0188552668
0.0185348030
0.0182099527
0.0178741341
0.0175273918
0.0171808540
0.0168642189
0.0166176040
0.0164526716
0.0163022464
0.0160835739
0.0157807472
0.0154559148
0.0151879848
0.0150047475
0.0148830852
0.0147585650
0.0145756492
0.0143183415
0.0140235871
0.0137359887
0.0134564768
0.0131727058
0.0128817140
0.0125990439
0.0123629489
0.0122154138
0.0121632089
0.0121985597
0.0123150752
0.0125104949
0.0127903657
0.0131567171
0.0136242889
0.0142273919
0.0150037074
0.0159543884
0.0170452096
0.0182410759
0.0195424005
0.0209671467
0.0224901702
0.0240742146
0.0257262888
0.0274502904
0.0292078977
0.0309645531
0.0326992592
0.0343781801
0.0359708764
0.0374625958
0.0388321395
0.0400783716
0.0412202090
0.0422453809
0.0431532584
0.0439568323
0.0446212310
0.0451094258
0.0454182693
0.0455631145
0.0455834434
0.0455197982
0.0453684883
0.0451218131
0.0447796565
0.0443429005
0.0438138598
0.0431966849
0.0425040292
0.0417595966
0.0409983479
0.0402307151
0.0394694752
0.0387055426
0.0379072752
0.0370813994
0.0362859831
0.0355417399
0.0348092954
0.0340590495
0.0332635863
0.0323993953
0.0314840558
0.0305593225
0.0296401139
0.0287226436
0.0278068849
0.0268937441
0.0259757100
0.0250283248
0.0240140853
0.0229093160
0.0217151019
0.0204341777
0.0190682336
0.0176187799
0.0160841432
0.0144558420
0.0127160486
0.0108475835
0.0088784022
0.0068790139
0.0048789859
0.0028655065
0.0008304161
-0.0012137609
-0.0032408007
-0.0052527496
-0.0072700837
-0.0092957945
-0.0113225097
-0.0133302865
-0.0152861852
-0.0171664625
-0.0189935527
-0.0207769388
-0.0224797590
-0.0240992259
-0.0256316539
-0.0270557661
-0.0283606079
-0.0295578710
-0.0306981213
-0.0317932871
-0.0327986489
-0.0336876653
-0.0344521881
-0.0351059587
-0.0356999232
-0.0362404848
-0.0366739469
-0.0369752098
-0.0371720389
-0.0372830428
-0.0373040044
-0.0372289324
-0.0370598581
-0.0368125422
-0.0365149779
-0.0361898832
-0.0358209108
-0.0353772715
-0.0348742537
-0.0343593504
-0.0338550866
-0.0333572152
-0.0328492624
-0.0323014750
-0.0316832556
-0.0309998858
-0.0303026204
-0.0296404079
-0.0290392064
-0.0285037894
-0.0280205865
-0.0275951148
-0.0272291660
-0.0268863801
-0.0265416877
-0.0261973141
-0.0258554083
-0.0255158342
-0.0251795149
-0.0248487915
-0.0245244150
-0.0241983883
-0.0238472737
-0.0234355362
-0.0229415386
-0.0223814470
-0.0217661243
-0.0210869836
-0.0203355619
-0.0194880896
-0.0185286152
-0.0174428989
-0.0162311368
-0.0149112662
-0.0134684806
-0.0119047256
-0.0102550381
-0.0085310041
-0.0067631581
-0.0049854832
-0.0031910574
-0.0013817888
0.0004160145
0.0022025427
0.0039959876
0.0057790397
0.0075098525
0.0091463429
0.0106868398
0.0121366701
0.0135035139
0.0148065796
0.0160730568
0.0173344746
0.0185795867
0.0197759153
0.0209014896
0.0219752245
0.0230124722
0.0239779411
0.0248414928
0.0256119387
0.0263233530
0.0269774354
0.0275234950
0.0279361477
0.0282241574
0.0283580779
0.0282999767
0.0280308509
0.0275404197
0.0268522179
0.0259961955
0.0249985317
0.0238921794
0.0226906957
0.0213955860
0.0200171407
0.0185718546
0.0170691289
0.0154964703
0.0138632374
0.0122078470
0.0105512915
0.0089065523
0.0073003838
0.0057576083
0.0042634220
0.0027736740
0.0012795087
-0.0001772406
-0.0015354478
-0.0027579835
-0.0038651800
-0.0048946968
-0.0058620873
-0.0067774356
-0.0076355806
-0.0084336978
-0.0091957669
-0.0099210638
-0.0105815962
-0.0111834910
-0.0117706312
-0.0123597053
-0.0129177818
-0.0133974713
-0.0137746610
-0.0140650598
-0.0143031382
-0.0145282120
-0.0147532505
-0.0149514311
-0.0150896603
-0.0151577090
-0.0151827967
-0.0151731646
-0.0150990819
-0.0149501349
-0.0147301790
-0.0144372975
-0.0140870620
-0.0136838208
-0.0132169933
-0.0127133216
-0.0121834381
-0.0115939619
-0.0109332503
-0.0102414987
-0.0095545730
-0.0088708707
-0.0081841350
-0.0074904720
-0.0067889499
-0.0060870281
-0.0054056104
-0.0047777571
-0.0042285008
-0.0037579562
-0.0033795674
-0.0031103943
-0.0029651517
-0.0029343728
-0.0029614314
-0.0030382693
-0.0031913039
-0.0033865108
-0.0035796010
-0.0037710347
-0.0039692672
-0.0041825278
-0.0044168395
-0.0046629667
-0.0048883075
-0.0050893037
-0.0052894694
-0.0054915409
-0.0056954891
-0.0059045636
-0.0061204874
-0.0063367804
-0.0065313852
-0.0066693815
-0.0067302229
-0.0067529446
-0.0067836650
-0.0068268586
-0.0068836201
-0.0069509532
-0.0070078309
-0.0070464003
-0.0070700530
-0.0070520684
-0.0069533169
-0.0067661797
-0.0064902885
-0.0061148223
-0.0056216595
-0.0050006414
-0.0042690997
-0.0034169816
-0.0024326268
-0.0013408731
-0.0001454581
0.0011544099
0.0025380230
0.0039972471
0.0055345227
0.0071208636
0.0087147068
0.0103081417
0.0119051722
0.0135064991
0.0151106631
0.0167151471
0.0183184595
0.0199213590
0.0215272653
0.0231396271
0.0247559501
0.0263598858
0.0279180425
0.0293954111
0.0307907641
0.0321082300
0.0333320958
0.0344296458
0.0353643851
0.0361274042
0.0367198937
0.0371405204
0.0373821100
0.0374278255
0.0372559884
0.0368597900
0.0362791435
0.0355630579
0.0347124492
0.0337228005
0.0326202840
0.0314203040
0.0301239538
0.0287431409
0.0273062448
0.0258494203
0.0243900462
0.0229380732
0.0215180718
0.0201574886
0.0188551568
0.0176005463
0.0164151985
0.0153175278
0.0143108107
0.0134055809
0.0126202483
0.0119645878
0.0114135381
0.0109408703
0.0105344840
0.0101870640
0.0099077487
0.0096810322
0.0094678387
0.0092650696
0.0091040678
0.0090123513
0.0089759302
0.0089559627
0.0089387370
0.0089253090
0.0089021649
0.0088379415
0.0087036734
0.0085151954
0.0083245216
0.0081711625
0.0080766695
0.0080396000
0.0080495513
0.0081288817
0.0083014655
0.0085587397
0.0088751861
0.0092109826
0.0095434318
0.0098799792
0.0102295355
0.0105925016
0.0109527466
0.0112705152
0.0114930478
0.0115970171
0.0116170712
0.0115853409
0.0114684249
0.0112216623
0.0108558176
0.0103982400
0.0098523399
0.0092226218
0.0085216849
0.0077621270
0.0069420520
0.0060660956
0.0051709030
0.0042690917
0.0033304579
0.0023228204
0.0012508244
0.0001584695
-0.0009272267
-0.0020123720
-0.0031073403
-0.0042192547
-0.0053453255
-0.0064648283
-0.0075664492
-0.0086647753
-0.0097672412
-0.0108593199
-0.0119130020
-0.0129023337
-0.0138335851
-0.0147213263
-0.0155398155
-0.0162554675
-0.0168470957
-0.0173065468
-0.0176618831
-0.0179415970
-0.0181588121
-0.0183199615
-0.0184116156
-0.0184423136
-0.0184498194
-0.0184554339
-0.0184728728
-0.0185296409
-0.0186510196
-0.0188216864
-0.0190006393
-0.0191734117
-0.0193481410
-0.0195323989
-0.0197261076
-0.0199148393
-0.0200654994
-0.0201380381
-0.0201199750
-0.0200237768
-0.0198666118
-0.0196569686
-0.0193787105
-0.0190324221
-0.0186267490
-0.0181488315
-0.0176218230
-0.0170853012
-0.0165448762
-0.0160003175
-0.0154670153
-0.0149755565
-0.0145520758
-0.0141814564
-0.0138457720
-0.0135655484
-0.0133456435
-0.0131563952
-0.0129780821
-0.0128141683
-0.0126628576
-0.0125011941
-0.0123235927
-0.0121485660
-0.0119777131
-0.0117935302
-0.0115663742
-0.0112706716
-0.0109171086
-0.0105111886
-0.0100180630
-0.0094298680
-0.0087682861
-0.0080695079
-0.0073666798
-0.0066482886
-0.0058806917
-0.0050417808
-0.0041540093
-0.0032404244
-0.0022738647
-0.0012285320
-0.0001418472
0.0009415853
0.0020222480
0.0031048491
0.0041899626
0.0052780692
0.0063702114
0.0074677976
0.0085681434
0.0096585926
0.0107138539
0.0117080959
0.0126448757
0.0135442786
0.0143929518
0.0151688208
0.0159087082
0.0166494506
0.0173697326
0.0180351407
0.0186294310
0.0191678488
0.0196460429
0.0200342870
0.0203408238
0.0205845203
0.0207728395
0.0208807514
0.0208551427
0.0206964145
0.0204399723
0.0200971736
0.0196720507
0.0191764941
0.0186234121
0.0180099938
0.0173366265
0.0166305287
0.0158920029
0.0150900645
0.0142247657
0.0133358546
0.0124493655
0.0115643946
0.0106807724
0.0098009277
0.0089223044
0.0080298935
0.0070946070
0.0060909578
0.0050348774
0.0039675331
0.0029021699
0.0018315365
0.0007560544
-0.0003083085
-0.0013317977
-0.0022900005
-0.0031991075
-0.0040870818
-0.0049382804
-0.0057199380
-0.0064363172
-0.0070963848
-0.0076849048
-0.0082258738
-0.0087614807
-0.0092991036
-0.0098342241
-0.0103654662
-0.0108937028
-0.0114205737
-0.0119469996
-0.0124727747
-0.0129972026
-0.0135206442
-0.0140457302
-0.0145764524
-0.0151132688
-0.0156447982
-0.0161412748
-0.0165629035
-0.0168918585
-0.0171348508
-0.0173014296
-0.0174014975
-0.0174388955
-0.0174232035
-0.0173419550
-0.0171585886
-0.0168782229
-0.0165303916
-0.0161581048
-0.0157952945
-0.0154351028
-0.0150582371
-0.0146405971
-0.0141660218
-0.0136598728
-0.0131936166
-0.0127942686
-0.0124130759
-0.0120189073
-0.0116252440
-0.0112623884
-0.0109629008
-0.0107338258
-0.0105571636
-0.0104371749
-0.0103863428
-0.0103941318
-0.0104639899
-0.0105981522
-0.0107860251
-0.0110377246
-0.0113488925
-0.0117010715
-0.0121066546
-0.0125754247
-0.0130800002
-0.0135894954
-0.0140974378
-0.0146095804
-0.0151299713
-0.0156560758
-0.0161741604
-0.0166584189
-0.0170836209
-0.0174549630
-0.0178033043
-0.0181343217
-0.0184162002
-0.0186214119
-0.0187714559
-0.0188760289
-0.0188971443
-0.0188277151
-0.0186620133
-0.0183837433
-0.0179763617
-0.0174412457
-0.0167981397
-0.0160101091
-0.0150374215
-0.0138789258
-0.0125391480
-0.0110245947
-0.0093487055
-0.0075326810
-0.0055919774
-0.0035293365
-0.0013734499
0.0008336997
0.0030894922
0.0053905844
0.0076883735
0.0099371647
0.0121485664
0.0143558783
0.0165577589
0.0187231958
0.0208252432
0.0228750668
0.0248997255
0.0268887361
0.0288138521
0.0306842146
0.0325270093
0.0343317382
0.0360696646
0.0377474670
0.0393723165
0.0409117339
0.0423499922
0.0436876925
0.0449337850
0.0461162998
0.0472198836
0.0481757150
0.0489340277
0.0494986305
0.0498838923
0.0500910143
0.0501188354
0.0499639584
0.0496198258
0.0490817437
0.0483547912
0.0474592049
0.0464308123
0.0453044182
0.0440752475
0.0427215883
0.0412346870
0.0396457761
0.0380275116
0.0364119845
0.0347901088
0.0331579227
0.0315267184
0.0299237526
0.0283811007
0.0269062305
0.0254821752
0.0241152503
0.0228234748
0.0216052752
0.0204719646
0.0194449016
0.0185343182
0.0177601258
0.0171538489
0.0167213983
0.0164305722
0.0162364718
0.0161142332
0.0160542664
0.0160520687
0.0161204282
0.0162487377
0.0163977824
0.0165456370
0.0166776198
0.0167635726
0.0167741357
0.0167186863
0.0166147650
0.0164537244
0.0162132010
0.0158415718
0.0152961122
0.0145794575
0.0137130112
0.0127203651
0.0116139836
0.0103735884
0.0089969075
0.0075301884
0.0060049888
0.0044171628
0.0027416861
0.0009801117
-0.0008453046
-0.0026961957
-0.0045337104
-0.0063587727
-0.0081757518
-0.0099845617
-0.0117854501
-0.0135790969
-0.0153651616
-0.0171362678
-0.0188726801
-0.0205449779
-0.0221362715
-0.0236606644
-0.0251206763
-0.0265072009
-0.0278552923
-0.0291984550
-0.0305325856
-0.0318424253
-0.0331049058
-0.0342975074
-0.0354251354
-0.0365174208
-0.0375764650
-0.0385723232
-0.0394940751
-0.0403549845
-0.0411530721
-0.0418841943
-0.0425653315
-0.0431936693
-0.0437509379
-0.0442347741
-0.0446406143
-0.0449638972
-0.0452034772
-0.0453519892
-0.0453942005
-0.0453162951
-0.0451252418
-0.0448226703
-0.0444086073
-0.0439085494
-0.0433329265
-0.0426800843
-0.0419506825
-0.0411469180
-0.0402716418
-0.0393256748
-0.0383088945
-0.0372214785
-0.0360647381
-0.0348422575
-0.0335619090
-0.0322351522
-0.0308689354
-0.0294571631
-0.0280300654
-0.0266165356
-0.0251978701
-0.0237427273
-0.0222357684
-0.0207107227
-0.0192050763
-0.0177185829
-0.0162459136
-0.0147837094
-0.0133293351
-0.0118839509
-0.0104565482
-0.0090670438
-0.0077397898
-0.0064802039
-0.0052566837
-0.0040427040
-0.0028407995
-0.0016552144
-0.0004864916
0.0006662263
0.0018038392
0.0029255461
0.0040291864
0.0051138123
0.0061844885
0.0072558235
0.0083481016
0.0094697519
0.0106035939
0.0117246646
0.0128233434
0.0139002858
0.0149582621
0.0160059821
0.0170609201
0.0181413199
0.0192436843
0.0203404732
0.0214158780
0.0224717370
0.0235035574
0.0244954919
0.0254285545
0.0262996843
0.0271151780
0.0278638560
0.0285377765
0.0291464816
0.0297030545
0.0302127706
0.0306607795
0.0310361900
0.0313408481
0.0315768521
0.0317458458
0.0318512283
0.0319000811
0.0319024439
0.0318653173
0.0317835053
0.0316623453
0.0315164846
0.0313395874
0.0311182563
0.0308652937
0.0305961387
0.0302989912
0.0299602215
0.0295935200
0.0292153329
0.0288146666
0.0283753352
0.0279029762
0.0274046895
0.0268709292
0.0263066796
0.0257199153
0.0251024420
0.0244591663
0.0237933224
0.0230863312
0.0223295975
0.0215155972
0.0206445353
0.0197413922
0.0188185042
0.0178878443
0.0169561147
0.0160064070
0.0150316506
0.0140367398
0.0130243487
0.0120131827
0.0110221664
0.0100486716
0.0090897441
0.0081490380
0.0072369823
0.0063679609
0.0055483208
0.0047684453
0.0040257140
0.0033285571
0.0026724855
0.0020560619
0.0014818470
0.0009335954
0.0003978031
-0.0001232304
-0.0006279715
-0.0011206958
-0.0016118926
-0.0021148843
-0.0026323720
-0.0031447849
-0.0036298274
-0.0040775569
-0.0044880433
-0.0048769882
-0.0052567424
-0.0056255632
-0.0059811211
-0.0063230790
-0.0066520774
-0.0069689996
-0.0072740524
-0.0075665287
-0.0078454404
-0.0081112564
-0.0083679705
-0.0086236770
-0.0088864626
-0.0091543949
-0.0094146941
-0.0096594586
-0.0098897854
-0.0101083088
-0.0103185395
-0.0105243882
-0.0107262444
-0.0109152492
-0.0110798565
-0.0112192279
-0.0113349096
-0.0114264484
-0.0114968104
-0.0115436218
-0.0115624918
-0.0115549787
-0.0115230436
-0.0114678214
-0.0113903975
-0.0112917359
-0.0111727390
-0.0110344479
-0.0108786490
-0.0107082060
-0.0105268267
-0.0103372828
-0.0101388095
-0.0099306186
-0.0097150498
-0.0094921999
-0.0092646951
-0.0090390156
-0.0088177269
-0.0086003051
-0.0083864724
-0.0081763000
-0.0079698271
-0.0077668876
-0.0075672556
-0.0073712151
-0.0071802546
-0.0069972296
-0.0068247709
-0.0066619007
-0.0065063592
-0.0063590786
-0.0062200878
-0.0060876756
-0.0059619964
-0.0058417108
-0.0057241738
-0.0056102589
-0.0055022058
-0.0053985002
-0.0052954499
-0.0051916567
-0.0050874021
-0.0049829676
-0.0048785570
-0.0047743031
-0.0046702726
-0.0045663139
-0.0044616131
-0.0043544753
-0.0042431657
-0.0041278323
-0.0040092888
-0.0038881684
-0.0037649934
-0.0036400090
-0.0035133173
-0.0033848419
-0.0032546654
-0.0031236918
-0.0029941753
-0.0028667592
-0.0027402501
-0.0026146268
-0.0024909174
-0.0023705112
-0.0022545238
-0.0021426395
-0.0020339680
-0.0019278863
-0.0018246729
-0.0017253360
-0.0016303673
-0.0015393868
-0.0014516867
-0.0013666863
-0.0012844967
-0.0012059135
-0.0011315670
-0.0010615765
-0.0009956465
-0.0009333535
-0.0008742852
-0.0008181594
-0.0007650409
-0.0007151360
-0.0006685276
-0.0006248752
-0.0005838169
-0.0005453362
-0.0005092586
-0.0004754413
-0.0004440389
-0.0004149725
-0.0003878992
-0.0003626712
-0.0003391669
-0.0003170830
-0.0002962340
-0.0002765068
-0.0002577765
-0.0002399428
-0.0002228574
-0.0002064365
-0.0001907038
-0.0001757094
-0.0001614623
-0.0001478712
-0.0001348486
-0.0001224091
-0.0001105858
-0.0000993573
-0.0000886611
-0.0000784636
-0.0000687737
-0.0000596103
-0.0000509832
-0.0000428778
-0.0000352636
-0.0000281241
-0.0000214591
-0.0000152705
-0.0000095586
-0.0000043219
0.0000004425
0.0000047387
0.0000085719
0.0000119480
0.0000148712
0.0000173415
0.0000193607
0.0000209352
0.0000220729
0.0000227816
0.0000230693
0.0000229443
0.0000224147
0.0000214886
0.0000201745
0.0000184818
0.0000164200
0.0000139984
0.0000112265
0.0000081140
0.0000046704
0.0000009056
-0.0000031709
-0.0000075493
