PARKFIELD C02090 Earthquake
4215,0.005
0.0000000000
-0.0000433177
-0.0000869159
-0.0001296833
-0.0001713289
-0.0002120758
-0.0002526320
-0.0002960378
-0.0003478078
-0.0004121626
-0.0004849143
-0.0005570920
-0.0006210173
-0.0006718496
-0.0007164657
-0.0007637588
-0.0008139993
-0.0008657586
-0.0009169448
-0.0009644483
-0.0010064881
-0.0010472047
-0.0011011003
-0.0011907437
-0.0013281547
-0.0014837935
-0.0016074871
-0.0016654939
-0.0016548444
-0.0015987782
-0.0015608857
-0.0016272436
-0.0018346434
-0.0021623753
-0.0025358602
-0.0028403215
-0.0030006580
-0.0030231348
-0.0029701864
-0.0029512403
-0.0030822071
-0.0034420272
-0.0040283117
-0.0047333528
-0.0054080526
-0.0059309309
-0.0062521444
-0.0064210250
-0.0065475468
-0.0067465202
-0.0070923580
-0.0075772864
-0.0081149064
-0.0085627228
-0.0087919159
-0.0087700347
-0.0085568594
-0.0082540546
-0.0079906216
-0.0079022335
-0.0080480716
-0.0083710465
-0.0087536491
-0.0090664709
-0.0092136741
-0.0091820752
-0.0090466916
-0.0089284858
-0.0089282900
-0.0090690276
-0.0092909664
-0.0095305145
-0.0097528928
-0.0099366112
-0.0100970131
-0.0102669935
-0.0104783050
-0.0107760208
-0.0111830778
-0.0116556282
-0.0121033922
-0.0124401898
-0.0126158124
-0.0126546915
-0.0126457373
-0.0126858445
-0.0128592302
-0.0131993187
-0.0136644105
-0.0141725932
-0.0146511863
-0.0150503999
-0.0153785438
-0.0156986850
-0.0160398701
-0.0163918024
-0.0167330619
-0.0170310156
-0.0172517213
-0.0173865262
-0.0174645039
-0.0175349974
-0.0176201061
-0.0176948173
-0.0177075159
-0.0176031191
-0.0173664667
-0.0170352963
-0.0167004500
-0.0165484894
-0.0167895957
-0.0175057832
-0.0185566900
-0.0196247164
-0.0203837791
-0.0206387333
-0.0204546899
-0.0201494657
-0.0199831206
-0.0199643898
-0.0199141781
-0.0196137800
-0.0189528130
-0.0179541700
-0.0167130974
-0.0153518170
-0.0139952042
-0.0127049906
-0.0114770512
-0.0102933444
-0.0091290321
-0.0079523063
-0.0067528236
-0.0055450880
-0.0043904479
-0.0034148924
-0.0027639137
-0.0025445357
-0.0027808078
-0.0033759681
-0.0041819615
-0.0050897965
-0.0059943765
-0.0067626618
-0.0073122823
-0.0076902578
-0.0080359336
-0.0084957433
-0.0091688068
-0.0100686148
-0.0111135600
-0.0121753007
-0.0131477676
-0.0139809328
-0.0146500705
-0.0150878315
-0.0152029418
-0.0149800215
-0.0144900432
-0.0138656992
-0.0132644796
-0.0128168531
-0.0125456054
-0.0123778186
-0.0122227732
-0.0119660592
-0.0115511501
-0.0110043987
-0.0103966698
-0.0098209257
-0.0093465285
-0.0090001877
-0.0087800373
-0.0086823598
-0.0087033920
-0.0088350951
-0.0090692078
-0.0094006084
-0.0098341468
-0.0103591399
-0.0109115007
-0.0114161943
-0.0118490146
-0.0122169029
-0.0125325588
-0.0128288208
-0.0131563731
-0.0135692123
-0.0140907567
-0.0147013945
-0.0153725441
-0.0160701385
-0.0167290525
-0.0172788052
-0.0176807992
-0.0179066067
-0.0179284648
-0.0177479437
-0.0173937188
-0.0169301030
-0.0164416035
-0.0160015648
-0.0157059295
-0.0156538562
-0.0158928191
-0.0164191893
-0.0171695037
-0.0179887444
-0.0186670738
-0.0190460379
-0.0191407973
-0.0191041647
-0.0190546023
-0.0190170019
-0.0189694966
-0.0188902509
-0.0187703343
-0.0186219831
-0.0184886115
-0.0183963369
-0.0183224664
-0.0182374671
-0.0181160406
-0.0179366152
-0.0177133915
-0.0174969279
-0.0173445056
-0.0173126875
-0.0174548601
-0.0178200597
-0.0184198067
-0.0191710946
-0.0199169112
-0.0205178139
-0.0209061813
-0.0210795741
-0.0210955928
-0.0210507438
-0.0210274004
-0.0210570227
-0.0211241212
-0.0212000758
-0.0212652963
-0.0213065529
-0.0213319167
-0.0213683856
-0.0214453531
-0.0215958754
-0.0218285451
-0.0221405336
-0.0225020989
-0.0228371287
-0.0230493386
-0.0231068281
-0.0230395810
-0.0229206525
-0.0228633713
-0.0229623592
-0.0232916553
-0.0238455030
-0.0245310793
-0.0252304636
-0.0258422716
-0.0262870579
-0.0265501914
-0.0266878325
-0.0267889055
-0.0269334472
-0.0271341173
-0.0273730313
-0.0276517786
-0.0279793053
-0.0283636374
-0.0287940060
-0.0292368474
-0.0296614816
-0.0300380808
-0.0303396834
-0.0305503850
-0.0306608612
-0.0306917241
-0.0306906229
-0.0307001511
-0.0307396423
-0.0307774131
-0.0307611234
-0.0306640711
-0.0304771647
-0.0301942530
-0.0298425097
-0.0294826297
-0.0291390828
-0.0287842989
-0.0283553088
-0.0277685022
-0.0269687853
-0.0259544731
-0.0247595893
-0.0235130764
-0.0224478964
-0.0218421313
-0.0218966104
-0.0225824611
-0.0236467383
-0.0248213984
-0.0259732476
-0.0270178414
-0.0278594637
-0.0284069081
-0.0286563459
-0.0286822448
-0.0285264036
-0.0282193667
-0.0278017646
-0.0272749643
-0.0265877871
-0.0256938658
-0.0245899211
-0.0233038364
-0.0218954331
-0.0204445859
-0.0190437642
-0.0177862839
-0.0167264931
-0.0158660244
-0.0151681078
-0.0145601167
-0.0139530954
-0.0132781291
-0.0125027640
-0.0116166253
-0.0106177752
-0.0095073422
-0.0082889712
-0.0069597071
-0.0054905711
-0.0038475514
-0.0020387920
-0.0000962810
0.0019392612
0.0039971681
0.0060070592
0.0079230405
0.0096942569
0.0112787328
0.0126957910
0.0140303406
0.0153873801
0.0168611541
0.0185230119
0.0203603342
0.0222427485
0.0239748915
0.0253748288
0.0263228825
0.0267525108
0.0266629934
0.0261270716
0.0252063889
0.0239350483
0.0223815282
0.0206116467
0.0186429737
0.0164729880
0.0141316223
0.0117216850
0.0093926397
0.0072814001
0.0054836151
0.0040976296
0.0032274529
0.0028961088
0.0030680887
0.0036691697
0.0045995052
0.0057755988
0.0071204480
0.0085678231
0.0100343412
0.0114314350
0.0127229683
0.0139388402
0.0151375079
0.0163659629
0.0176677207
0.0190830509
0.0205942657
0.0221125491
0.0235175183
0.0246854432
0.0254879421
0.0257746193
0.0254495212
0.0245480030
0.0231784164
0.0214496740
0.0194197389
0.0171110853
0.0145775681
0.0118382689
0.0088647009
0.0057134000
0.0025413937
-0.0004321714
-0.0029853003
-0.0049163531
-0.0060779029
-0.0063904978
-0.0058844708
-0.0047705389
-0.0032215668
-0.0012871469
0.0009785601
0.0034962818
0.0061451794
0.0087753294
0.0112677351
0.0135662152
0.0156699010
0.0175657530
0.0192302250
0.0206502620
0.0217796144
0.0226025585
0.0231279674
0.0233285890
0.0231996307
0.0227847019
0.0221566161
0.0214124298
0.0206387136
0.0198678375
0.0191022727
0.0183377359
0.0175420339
0.0166412878
0.0155584817
0.0143094582
0.0129814306
0.0116572291
0.0104012124
0.0092427525
0.0081543626
0.0070696013
0.0059734304
0.0049257575
0.0040234996
0.0033557716
0.0029827347
0.0029806832
0.0034437930
0.0043756540
0.0056642485
0.0071186290
0.0085644110
0.0099134108
0.0110961688
0.0120645500
0.0128122476
0.0134133189
0.0139515446
0.0144370006
0.0149074136
0.0154305711
0.0160464511
0.0168156234
0.0177778432
0.0188557771
0.0199124771
0.0208311248
0.0215151852
0.0218681199
0.0218610534
0.0215762190
0.0210935057
0.0204292037
0.0195995072
0.0186340175
0.0175542151
0.0163873684
0.0151674622
0.0139674866
0.0128857118
0.0119994566
0.0113785866
0.0110715499
0.0110755806
0.0113340562
0.0117830213
0.0124027113
0.0132291773
0.0143205881
0.0156973895
0.0173660523
0.0193220110
0.0215201702
0.0239344732
0.0265631572
0.0293764040
0.0323320701
0.0353932480
0.0385630373
0.0418687631
0.0453190080
0.0489314263
0.0527385259
0.0567732822
0.0610660591
0.0656418195
0.0705202584
0.0757163745
0.0812337265
0.0871008892
0.0933617645
0.1000160199
0.1070722590
0.1145469341
0.1224184326
0.1306955915
0.1393865969
0.1484431342
0.1578380673
0.1675679695
0.1776125560
0.1879206962
0.1984088973
0.2090198660
0.2197292823
0.2305180736
0.2413593187
0.2522019623
0.2630004633
0.2737487652
0.2844624503
0.2951420208
0.3057820782
0.3163864599
0.3269282230
0.3373536546
0.3476195130
0.3576803538
0.3674839025
0.3769928016
0.3861784036
0.3949998510
0.4033910608
0.4112733444
0.4185515487
0.4250821662
0.4307631975
0.4355685242
0.4394332292
0.4423116973
0.4441967201
0.4450409797
0.4448456498
0.4436737925
0.4416193036
0.4387930194
0.4352751788
0.4311440234
0.4264799420
0.4213584912
0.4158982272
0.4102012152
0.4042818749
0.3981310577
0.3917401555
0.3851135431
0.3782824555
0.3712530223
0.3640039161
0.3564986854
0.3487086138
0.3406515122
0.3323208949
0.3236794588
0.3147428897
0.3055345998
0.2960167574
0.2861031601
0.2757055932
0.2647662095
0.2532171524
0.2409362934
0.2278845699
0.2141194095
0.1996289777
0.1843623183
0.1683419096
0.1516727885
0.1344589449
0.1167899778
0.0987535590
0.0804515088
0.0620469851
0.0437009149
0.0254848858
0.0074318401
-0.0104029925
-0.0279850518
-0.0453098001
-0.0623675232
-0.0791393984
-0.0956058414
-0.1117607368
-0.1276039715
-0.1431254206
-0.1582701448
-0.1729552833
-0.1871614875
-0.2009242493
-0.2143027417
-0.2273540666
-0.2401047941
-0.2525936046
-0.2648469715
-0.2768480579
-0.2886052010
-0.3001587556
-0.3115798777
-0.3230335862
-0.3347343370
-0.3468728770
-0.3596041263
-0.3730346501
-0.3871577223
-0.4019131087
-0.4172837320
-0.4332477509
-0.4497396484
-0.4666259684
-0.4837236172
-0.5007989694
-0.5175787453
-0.5338249919
-0.5493191211
-0.5637763605
-0.5768729954
-0.5883707662
-0.5980036548
-0.6054564437
-0.6106878387
-0.6138594438
-0.6150302098
-0.6142918164
-0.6119634676
-0.6085578987
-0.6046278191
-0.6005706663
-0.5966039088
-0.5927727221
-0.5889134289
-0.5846618482
-0.5795430759
-0.5730800060
-0.5649023796
-0.5546538367
-0.5419027460
-0.5264335548
-0.5081514474
-0.4870737700
-0.4634164149
-0.4374306721
-0.4097656029
-0.3811193639
-0.3518895688
-0.3225818090
-0.2937102110
-0.2656250030
-0.2384983215
-0.2123097355
-0.1869883461
-0.1624206683
-0.1384147266
-0.1147528080
-0.0913036167
-0.0681159462
-0.0453012365
-0.0230296691
-0.0015748517
0.0186839414
0.0371120446
0.0528631852
0.0653533377
0.0745740919
0.0810075754
0.0851179981
0.0872803214
0.0880949096
0.0882134944
0.0882749922
0.0889488172
0.0907101504
0.0936256183
0.0974789006
0.1019452123
0.1066290437
0.1111565383
0.1152372831
0.1186785976
0.1214262249
0.1235843395
0.1253690081
0.1270022575
0.1286623920
0.1304617861
0.1324007554
0.1343827202
0.1362843878
0.1379722818
0.1392743059
0.1399644652
0.1398287453
0.1387513618
0.1367213605
0.1337513061
0.1298495845
0.1251065475
0.1196485192
0.1135313662
0.1067714723
0.0993463500
0.0911539269
0.0821132500
0.0722384416
0.0616241145
0.0504929981
0.0391190940
0.0277128889
0.0164309184
0.0053830119
-0.0053584601
-0.0156875407
-0.0254404376
-0.0344878242
-0.0427509906
-0.0501817778
-0.0567886360
-0.0625531247
-0.0673580432
-0.0709823800
-0.0732022211
-0.0740968901
-0.0739257043
-0.0728517505
-0.0710312450
-0.0685036486
-0.0651931900
-0.0611395876
-0.0564830917
-0.0513958192
-0.0460274464
-0.0404778924
-0.0348440556
-0.0291856817
-0.0235371023
-0.0179837749
-0.0126455498
-0.0076527793
-0.0030983739
0.0009724854
0.0045315368
0.0075639445
0.0100972598
0.0122743553
0.0142552534
0.0161303559
0.0179675621
0.0198026755
0.0216460639
0.0234940321
0.0253071675
0.0270164063
0.0285278571
0.0297598936
0.0306821687
0.0312424964
0.0313688042
0.0310286391
0.0301717481
0.0287404353
0.0267570790
0.0242685334
0.0213092901
0.0179392837
0.0142182174
0.0102116159
0.0059786581
0.0015721842
-0.0029303729
-0.0074688792
-0.0120183402
-0.0165374834
-0.0209391592
-0.0251302944
-0.0290577206
-0.0327081604
-0.0361023416
-0.0392562081
-0.0421799965
-0.0449259894
-0.0475505063
-0.0501038805
-0.0526593921
-0.0552942894
-0.0580745096
-0.0610447347
-0.0642248985
-0.0676244838
-0.0712251557
-0.0749469366
-0.0786797264
-0.0822924381
-0.0855849300
-0.0883044529
-0.0902108515
-0.0911578091
-0.0911056501
-0.0901029065
-0.0882808687
-0.0857801164
-0.0827556679
-0.0793928367
-0.0758434550
-0.0722157014
-0.0685852921
-0.0649910363
-0.0614256053
-0.0578418971
-0.0541744283
-0.0503395806
-0.0462315106
-0.0417450641
-0.0367959352
-0.0313676042
-0.0255857834
-0.0196285550
-0.0136560605
-0.0078769967
-0.0024714999
0.0025033065
0.0070691970
0.0113039918
0.0153594798
0.0193882202
0.0234886175
0.0277379397
0.0322159207
0.0369887278
0.0420485129
0.0473063017
0.0526607127
0.0580082158
0.0632238124
0.0681994113
0.0728794852
0.0772718333
0.0814577847
0.0855470486
0.0896396527
0.0938310934
0.0981771251
0.1026738289
0.1072464788
0.1117832724
0.1161513645
0.1201705404
0.1236683950
0.1265694549
0.1288070582
0.1302843461
0.1310148146
0.1310722207
0.1305194705
0.1294794143
0.1280977482
0.1264618292
0.1245748721
0.1223752386
0.1197809989
0.1166888252
0.1129753959
0.1085377176
0.1032623916
0.0970303433
0.0898785881
0.0819672252
0.0735032415
0.0647184440
0.0558113080
0.0469926106
0.0384834819
0.0304530635
0.0229487478
0.0159351207
0.0093874117
0.0032417241
-0.0025736594
-0.0080819975
-0.0132766655
-0.0181063714
-0.0225031856
-0.0263842904
-0.0296521496
-0.0322802079
-0.0342899264
-0.0357050812
-0.0366489706
-0.0372799681
-0.0376758248
-0.0379114827
-0.0380724259
-0.0381786428
-0.0382078632
-0.0381608979
-0.0380470036
-0.0378608794
-0.0375761603
-0.0371557178
-0.0365880635
-0.0358867116
-0.0350951567
-0.0342896439
-0.0335452480
-0.0329134590
-0.0324593325
-0.0322346182
-0.0322473049
-0.0325132403
-0.0330221562
-0.0337374200
-0.0346207807
-0.0356116622
-0.0366413651
-0.0376451207
-0.0385667801
-0.0393666808
-0.0400225101
-0.0405111653
-0.0408230041
-0.0410010159
-0.0411061022
-0.0411492390
-0.0411223113
-0.0410203083
-0.0408380000
-0.0405651513
-0.0401891220
-0.0397110209
-0.0391183593
-0.0383884837
-0.0375234571
-0.0365059713
-0.0352944380
-0.0338680590
-0.0322180905
-0.0303450112
-0.0282207692
-0.0257930716
-0.0230465747
-0.0199841490
-0.0165837972
-0.0128401080
-0.0087888165
-0.0044494837
0.0001611717
0.0049807421
0.0099479921
0.0150240244
0.0201602530
0.0253084294
0.0304394294
0.0355347748
0.0405951707
0.0456479985
0.0507147244
0.0557821626
0.0608252807
0.0658242444
0.0707507103
0.0755889004
0.0803420493
0.0849798145
0.0894384342
0.0936815661
0.0976982182
0.1014893542
0.1050903777
0.1085466595
0.1118937621
0.1151848821
0.1184906607
0.1218815198
0.1254163292
0.1291285460
0.1330211734
0.1370893983
0.1413341240
0.1457134675
0.1501350791
0.1545021125
0.1587372356
0.1627846055
0.1665958258
0.1701239439
0.1733241724
0.1761521432
0.1785652400
0.1805357771
0.1820656040
0.1831730005
0.1838519530
0.1840905288
0.1839023522
0.1832909246
0.1822535365
0.1807710638
0.1787986035
0.1762954854
0.1731988552
0.1694492412
0.1650219944
0.1598903128
0.1540682266
0.1476606858
0.1408124147
0.1336654637
0.1263309732
0.1188962451
0.1114515904
0.1040849476
0.0968804439
0.0898918114
0.0831403158
0.0766375466
0.0703929326
0.0644418997
0.0588213667
0.0535484015
0.0486695661
0.0442592105
0.0403895653
0.0370789512
0.0342427034
0.0317616189
0.0295402580
0.0274885020
0.0255285074
0.0235797237
0.0215473599
0.0193479361
0.0169315297
0.0142470534
0.0112346168
0.0078528631
0.0040352448
-0.0002750525
-0.0050598321
-0.0102723675
-0.0158875870
-0.0218501761
-0.0280592228
-0.0344350688
-0.0409257771
-0.0474626303
-0.0539581403
-0.0603506132
-0.0665818337
-0.0725779148
-0.0782339138
-0.0834311147
-0.0881075670
-0.0922217630
-0.0957402979
-0.0986303465
-0.1008703597
-0.1025342153
-0.1037202689
-0.1044934560
-0.1049859709
-0.1053565019
-0.1056923744
-0.1060244414
-0.1063626212
-0.1067092516
-0.1070338918
-0.1072909718
-0.1074623529
-0.1075509667
-0.1075411640
-0.1074378867
-0.1073098563
-0.1072318682
-0.1072708846
-0.1074822831
-0.1078958559
-0.1085124057
-0.1093203028
-0.1102832983
-0.1113377751
-0.1124219781
-0.1134747924
-0.1144300148
-0.1152131756
-0.1157456010
-0.1159627631
-0.1158452205
-0.1154590068
-0.1148933486
-0.1141722643
-0.1132688617
-0.1121212143
-0.1106855837
-0.1089566429
-0.1069460483
-0.1046787300
-0.1021363166
-0.0992663396
-0.0960824150
-0.0926487472
-0.0890369900
-0.0853269668
-0.0816138330
-0.0779962755
-0.0745354585
-0.0712525512
-0.0681312656
-0.0651459917
-0.0622884803
-0.0595348289
-0.0568315985
-0.0541261035
-0.0513755560
-0.0485385533
-0.0456143205
-0.0426513926
-0.0396877697
-0.0367362882
-0.0338156185
-0.0309471398
-0.0281202999
-0.0252954890
-0.0224376312
-0.0195201100
-0.0165348882
-0.0134917226
-0.0104085857
-0.0073110756
-0.0042223471
-0.0011787279
0.0017628558
0.0045614983
0.0071781549
0.0095606583
0.0116862566
0.0135500069
0.0151555135
0.0165182250
0.0176314107
0.0184891983
0.0190985333
0.0194552605
0.0195725576
0.0194799543
0.0191933120
0.0187271299
0.0181091294
0.0173681067
0.0165381048
0.0156626974
0.0147884748
0.0139575883
0.0131846248
0.0124730888
0.0118443794
0.0113346362
0.0109675825
0.0107360541
0.0106115346
0.0105480624
0.0105035045
0.0104604710
0.0104057814
0.0103084278
0.0101365826
0.0098721875
0.0095116208
0.0090912168
0.0086763649
0.0083113075
0.0080115902
0.0077849563
0.0076483664
0.0075984157
0.0076079376
0.0076678557
0.0077709784
0.0079199046
0.0081299529
0.0083894071
0.0086934147
0.0090636826
0.0095358062
0.0101583558
0.0109560898
0.0119567149
0.0131913961
0.0146511578
0.0163305896
0.0182577758
0.0204407421
0.0228364571
0.0253928930
0.0280856066
0.0309035507
0.0338174245
0.0367938650
0.0398207028
0.0428907439
0.0460125917
0.0492080605
0.0524401245
0.0556307448
0.0586960171
0.0615451297
0.0640938165
0.0662960115
0.0681075944
0.0694684569
0.0703601867
0.0707526613
0.0706214629
0.0700739002
0.0692787489
0.0683420114
0.0673223742
0.0662530830
0.0651203040
0.0638680032
0.0624653106
0.0609079679
0.0591851327
0.0573014047
0.0553133429
0.0532786372
0.0512598221
0.0493414772
0.0475606742
0.0459283416
0.0444571511
0.0431295231
0.0418630487
0.0405833911
0.0392577967
0.0378394595
0.0363002755
0.0346373966
0.0328517485
0.0309619131
0.0289994662
0.0269841127
0.0249373402
0.0228735728
0.0207644310
0.0185656145
0.0162655741
0.0138835577
0.0114158838
0.0088524892
0.0062053816
0.0034674986
0.0006316362
-0.0022795326
-0.0052570610
-0.0083020551
-0.0114148565
-0.0145969344
-0.0178491688
-0.0211704516
-0.0245567307
-0.0280011170
-0.0314964288
-0.0350394616
-0.0386096969
-0.0421863542
-0.0457552164
-0.0492914064
-0.0527662214
-0.0561764953
-0.0595291654
-0.0628275914
-0.0660669466
-0.0692308998
-0.0723250225
-0.0753803826
-0.0784201328
-0.0814339158
-0.0844002622
-0.0873208291
-0.0901989177
-0.0929992703
-0.0956762954
-0.0982009247
-0.1005389871
-0.1026464009
-0.1044648343
-0.1059419974
-0.1070641991
-0.1078605124
-0.1084032001
-0.1087504659
-0.1089188224
-0.1089370491
-0.1088546699
-0.1087100934
-0.1085473260
-0.1084214474
-0.1083498030
-0.1083235597
-0.1083458886
-0.1084199775
-0.1085443187
-0.1087054396
-0.1088851832
-0.1090933154
-0.1093554475
-0.1096743857
-0.1100409709
-0.1104618748
-0.1109481316
-0.1115044320
-0.1121040886
-0.1126754497
-0.1131322851
-0.1134095320
-0.1134902212
-0.1133772196
-0.1130618935
-0.1125291250
-0.1117731118
-0.1108145383
-0.1096671661
-0.1083273427
-0.1068069383
-0.1051122428
-0.1032341194
-0.1011589792
-0.0988559294
-0.0963049448
-0.0934934283
-0.0903801392
-0.0869482256
-0.0832346313
-0.0792759228
-0.0750935847
-0.0707029812
-0.0661217898
-0.0613977110
-0.0565994325
-0.0517942792
-0.0470464714
-0.0424163545
-0.0379405249
-0.0336157777
-0.0294221381
-0.0253408888
-0.0213558405
-0.0174398787
-0.0135665260
-0.0097413747
-0.0059727706
-0.0022489379
0.0014287946
0.0050557167
0.0086470976
0.0122080605
0.0157420792
0.0192825924
0.0228619284
0.0264895260
0.0301891134
0.0339841969
0.0378454078
0.0417179805
0.0455676533
0.0493702715
0.0531035112
0.0567503408
0.0602891034
0.0637138363
0.0670378056
0.0702579923
0.0733597945
0.0763305351
0.0791301394
0.0817232674
0.0841193862
0.0863353957
0.0883800233
0.0902443752
0.0919182809
0.0934158579
0.0947504751
0.0959434762
0.0970314977
0.0980322159
0.0989661575
0.0998572367
0.1006909687
0.1014461178
0.1021299827
0.1027648379
0.1033841084
0.1040180999
0.1046854271
0.1054009082
0.1061674497
0.1069869262
0.1078652430
0.1088029069
0.1098079087
0.1108969866
0.1120887801
0.1133760518
0.1147260476
0.1161228737
0.1175587338
0.1190391796
0.1205737109
0.1221362699
0.1237010918
0.1252648448
0.1268165280
0.1283318355
0.1297861184
0.1311643783
0.1324333910
0.1335472793
0.1344689613
0.1351670767
0.1356424557
0.1359039122
0.1359224168
0.1356729789
0.1351634951
0.1344067944
0.1334068483
0.1321659111
0.1307233239
0.1291063127
0.1273015643
0.1253177670
0.1231555558
0.1207964382
0.1182441270
0.1155051193
0.1126049120
0.1095763499
0.1064162683
0.1031064908
0.0996207870
0.0959378224
0.0920690689
0.0880231551
0.0837957712
0.0794379066
0.0750129154
0.0705317786
0.0660136215
0.0614855299
0.0569493622
0.0524158256
0.0479141062
0.0434787320
0.0391233185
0.0348683884
0.0307339494
0.0267098162
0.0227906405
0.0189634277
0.0152401112
0.0116498161
0.0081911510
0.0048641742
0.0016837356
-0.0013209326
-0.0041261344
-0.0067664631
-0.0092953354
-0.0117328483
-0.0140968815
-0.0163900351
-0.0186082457
-0.0207506575
-0.0228199145
-0.0248288245
-0.0268038454
-0.0287742454
-0.0307440714
-0.0327098041
-0.0346724871
-0.0366362338
-0.0386046256
-0.0405744724
-0.0425307501
-0.0444481496
-0.0463097070
-0.0481389196
-0.0499714908
-0.0518115059
-0.0536427819
-0.0554375068
-0.0571668086
-0.0588274242
-0.0604237356
-0.0619552325
-0.0634205009
-0.0648217634
-0.0661664481
-0.0674643930
-0.0687257938
-0.0699412213
-0.0711090884
-0.0722316057
-0.0732813118
-0.0742348312
-0.0750978897
-0.0758644651
-0.0765173365
-0.0770695805
-0.0775502780
-0.0779576288
-0.0782572784
-0.0784094990
-0.0784055708
-0.0782733317
-0.0780192550
-0.0776080286
-0.0769894079
-0.0761326164
-0.0750507131
-0.0737724930
-0.0723176660
-0.0707117861
-0.0689711511
-0.0670959210
-0.0650880322
-0.0629480642
-0.0606738320
-0.0582650246
-0.0557168953
-0.0530272451
-0.0502171619
-0.0473339751
-0.0444303917
-0.0415267699
-0.0386155002
-0.0356922063
-0.0327624746
-0.0298436063
-0.0269629810
-0.0241408577
-0.0213615165
-0.0186157158
-0.0159234471
-0.0132736108
-0.0106594127
-0.0081030882
-0.0055946794
-0.0031254847
-0.0007089032
0.0016818037
0.0040752120
0.0064580878
0.0088057243
0.0111007770
0.0133540351
0.0155669708
0.0176993928
0.0197232792
0.0216304143
0.0233897615
0.0249918705
0.0264580101
0.0277804058
0.0289308378
0.0298920874
0.0306882056
0.0313554403
0.0318977095
0.0323064188
0.0325784701
0.0327136599
0.0327108368
0.0325666899
0.0322789518
0.0318568282
0.0313328181
0.0307588602
0.0301732135
0.0295809825
0.0289774658
0.0283698544
0.0277796071
0.0272324954
0.0267320370
0.0262373447
0.0256849272
0.0250376301
0.0242944901
0.0234439444
0.0224537528
0.0213353289
0.0201401918
0.0188910510
0.0175821788
0.0161968291
0.0147178261
0.0131274328
0.0114234244
0.0096312729
0.0077574687
0.0057682322
0.0036351494
0.0013669691
-0.0010105599
-0.0034667527
-0.0059924117
-0.0086278104
-0.0114231382
-0.0143924262
-0.0175034902
-0.0206663750
-0.0238201021
-0.0269726530
-0.0301336648
-0.0333036102
-0.0364796204
-0.0396577720
-0.0428354420
-0.0460113277
-0.0491852652
-0.0523580403
-0.0555318312
-0.0587097352
-0.0618927735
-0.0650734361
-0.0682286657
-0.0713248218
-0.0743375747
-0.0772306220
-0.0799612720
-0.0825257583
-0.0849219092
-0.0871084360
-0.0890419423
-0.0907056943
-0.0920870605
-0.0931639050
-0.0939249858
-0.0944056269
-0.0946694373
-0.0947432596
-0.0946197818
-0.0942799578
-0.0937016597
-0.0928965326
-0.0918930017
-0.0907019371
-0.0893299000
-0.0877780699
-0.0860641589
-0.0842393823
-0.0823289711
-0.0803223059
-0.0782291332
-0.0760671100
-0.0738316325
-0.0715291732
-0.0691789776
-0.0668030476
-0.0644061108
-0.0619615460
-0.0594599361
-0.0569331428
-0.0544103913
-0.0518924154
-0.0493752168
-0.0468524988
-0.0443126802
-0.0417430232
-0.0391451463
-0.0365523369
-0.0339651711
-0.0313389447
-0.0286845386
-0.0260335953
-0.0233747527
-0.0206803586
-0.0179303736
-0.0151396808
-0.0123165033
-0.0094406340
-0.0065260196
-0.0036057428
-0.0006975325
0.0021756461
0.0049860405
0.0077297537
0.0104107718
0.0130295976
0.0155824310
0.0180578716
0.0204347228
0.0226879715
0.0248111206
0.0268027958
0.0286610417
0.0303818619
0.0319578234
0.0333815687
0.0346527991
0.0357889537
0.0368101704
0.0377267476
0.0385514261
0.0392834462
0.0399143944
0.0404595270
0.0409395009
0.0413688143
0.0417736036
0.0421750983
0.0425823464
0.0430125729
0.0434856218
0.0440154522
0.0446220667
0.0453247256
0.0461104236
0.0469518820
0.0478368590
0.0487578493
0.0497227204
0.0507408223
0.0517853649
0.0528317957
0.0538813462
0.0549310897
0.0559652883
0.0569602050
0.0579028027
0.0588060602
0.0596725158
0.0604888264
0.0612646791
0.0619977275
0.0626658112
0.0632721422
0.0638249755
0.0643422969
0.0648356361
0.0652848423
0.0656924752
0.0660791757
0.0664334842
0.0667185557
0.0669204705
0.0670274061
0.0670392309
0.0669899835
0.0668893788
0.0667437618
0.0665562522
0.0663137987
0.0660458583
0.0657834135
0.0655119090
0.0652023362
0.0648350558
0.0644289093
0.0640182675
0.0636197506
0.0632544335
0.0629509979
0.0627173021
0.0625533633
0.0624586835
0.0624230092
0.0624210803
0.0624243337
0.0624292383
0.0624405931
0.0624607344
0.0624898286
0.0625230571
0.0625489287
0.0625489680
0.0625052268
0.0624185573
0.0622899925
0.0620891192
0.0617920590
0.0614095709
0.0609457136
0.0603934902
0.0597614002
0.0590496722
0.0582407313
0.0573250969
0.0562958602
0.0551486628
0.0538996591
0.0525596967
0.0511382383
0.0496483244
0.0480820893
0.0464286356
0.0446874247
0.0428804319
0.0410282943
0.0391085937
0.0370976475
0.0350189365
0.0329048842
0.0307499848
0.0285446911
0.0263172443
0.0240911569
0.0218598319
0.0196167777
0.0173679879
0.0151402175
0.0129815965
0.0109361010
0.0090041591
0.0071538134
0.0053726105
0.0036934966
0.0021534268
0.0007522219
-0.0005341645
-0.0017443695
-0.0029153092
-0.0040727224
-0.0052268633
-0.0063746576
-0.0075159677
-0.0086547824
-0.0097957873
-0.0109400250
-0.0120786444
-0.0131862120
-0.0142278571
-0.0151875968
-0.0160569577
-0.0168387652
-0.0175658385
-0.0182508765
-0.0188796816
-0.0194377037
-0.0199043829
-0.0202855449
-0.0206227978
-0.0209282223
-0.0211728227
-0.0213437990
-0.0214516197
-0.0215174408
-0.0215689737
-0.0216182879
-0.0216717899
-0.0217503978
-0.0218827759
-0.0220800674
-0.0223413345
-0.0226719338
-0.0230862137
-0.0236004209
-0.0242172460
-0.0249454600
-0.0257884524
-0.0267280068
-0.0277557093
-0.0288577578
-0.0300177698
-0.0312494898
-0.0325684419
-0.0339666429
-0.0354293251
-0.0369491136
-0.0385202509
-0.0401445376
-0.0418273193
-0.0435677465
-0.0453558775
-0.0471647372
-0.0489767229
-0.0507884827
-0.0525848531
-0.0543381644
-0.0560285897
-0.0576630827
-0.0592479194
-0.0607725438
-0.0621983608
-0.0634800230
-0.0646344886
-0.0656756493
-0.0665495912
-0.0672075615
-0.0676100686
-0.0677224557
-0.0675648983
-0.0671421302
-0.0664537190
-0.0655048048
-0.0642756132
-0.0628093724
-0.0611570988
-0.0593422528
-0.0573760316
-0.0552311673
-0.0528869946
-0.0503634635
-0.0476747630
-0.0448048732
-0.0417690805
-0.0386040615
-0.0353354779
-0.0319863272
-0.0285655557
-0.0250934454
-0.0216150978
-0.0181847044
-0.0148756644
-0.0117438416
-0.0087953473
-0.0060440649
-0.0035353730
-0.0012734958
0.0007479700
0.0025128281
0.0040338442
0.0053421351
0.0064562092
0.0074029037
0.0082204932
0.0089300675
0.0095519813
0.0101080584
0.0106246878
0.0111320707
0.0116344604
0.0121078114
0.0125190315
0.0128491318
0.0130882534
0.0132303192
0.0132920586
0.0132934898
0.0132546446
0.0132032866
0.0131509558
0.0130964704
0.0130404408
0.0129847875
0.0129294120
0.0128659915
0.0127745991
0.0126351316
0.0124543938
0.0122619346
0.0120711831
0.0118776934
0.0116811337
0.0114906875
0.0113223732
0.0111862730
0.0110636684
0.0109167787
0.0107346327
0.0105177037
0.0102358754
0.0098589277
0.0093923374
0.0088452426
0.0082064901
0.0074770695
0.0066625292
0.0057545109
0.0047640117
0.0037097404
0.0025853807
0.0013777617
0.0000744827
-0.0013194312
-0.0027929319
-0.0043619724
-0.0060232318
-0.0077473906
-0.0095235328
-0.0113429584
-0.0132060998
-0.0151223898
-0.0170663186
-0.0190132847
-0.0209644617
-0.0229151627
-0.0248464011
-0.0267322803
-0.0285642553
-0.0303716860
-0.0321818097
-0.0339945598
-0.0358084717
-0.0376248054
-0.0394409248
-0.0412438009
-0.0430074345
-0.0447071034
-0.0463474510
-0.0479297563
-0.0494358799
-0.0508246352
-0.0520447994
-0.0530788200
-0.0539333410
-0.0545838825
-0.0549652312
-0.0550613221
-0.0548617513
-0.0543621641
-0.0535916334
-0.0525602762
-0.0512885928
-0.0498108535
-0.0481502888
-0.0463480846
-0.0444405010
-0.0424052059
-0.0402435685
-0.0379570736
-0.0355281843
-0.0329781779
-0.0303354273
-0.0276217406
-0.0248472148
-0.0220404206
-0.0192484085
-0.0165183390
-0.0139004025
-0.0114103571
-0.0090278665
-0.0067306476
-0.0045170174
-0.0024166022
-0.0004442688
0.0014230569
0.0032045496
0.0048903364
0.0064539032
0.0078829889
0.0091770736
0.0103301966
0.0113309270
0.0121711197
0.0128654135
0.0134532123
0.0139453998
0.0143413141
0.0146665589
0.0149387125
0.0151836799
0.0154245302
0.0156622261
0.0159063601
0.0161834687
0.0165273760
0.0169704140
0.0175646583
0.0183514589
0.0193199127
0.0204606985
0.0217668888
0.0231855826
0.0246706089
0.0262273563
0.0278590893
0.0295507426
0.0312733465
0.0330002968
0.0347244287
0.0364323754
0.0381035900
0.0397262501
0.0413068666
0.0428309854
0.0442622181
0.0456038108
0.0468806071
0.0480871811
0.0492084046
0.0502340067
0.0511726946
0.0520506671
0.0528625089
0.0535852667
0.0541886125
0.0546549542
0.0550039072
0.0552641003
0.0554503544
0.0555486277
0.0555471672
0.0554370707
0.0551745330
0.0547393730
0.0541730800
0.0534941445
0.0526682441
0.0516818495
0.0505469642
0.0492861757
0.0479137296
0.0464238357
0.0448260580
0.0431170567
0.0412865586
0.0393411842
0.0372764440
0.0350935410
0.0328299247
0.0305270229
0.0282105747
0.0258851224
0.0235271287
0.0211138184
0.0186518213
0.0161711099
0.0136883683
0.0112112660
0.0087657693
0.0063936090
0.0041220654
0.0019572705
-0.0000760940
-0.0019479891
-0.0036413754
-0.0051149580
-0.0063240838
-0.0072609649
-0.0079440180
-0.0083990358
-0.0086258530
-0.0086158878
-0.0083886633
-0.0079592638
-0.0073512661
-0.0066064298
-0.0057641516
-0.0048694445
-0.0039490754
-0.0030116155
-0.0020875423
-0.0012128063
-0.0004063436
0.0003348503
0.0010101220
0.0016124475
0.0021316280
0.0025597597
0.0028958743
0.0030856325
0.0030773967
0.0028973862
0.0025806457
0.0021393859
0.0016085317
0.0010441358
0.0004812999
-0.0000658901
-0.0005759614
-0.0010393829
-0.0014801988
-0.0019163948
-0.0023410107
-0.0027580700
-0.0031862043
-0.0036264699
-0.0040702758
-0.0045208234
-0.0049731291
-0.0054008060
-0.0057584508
-0.0060105044
-0.0061706455
-0.0062727423
-0.0063342833
-0.0063762018
-0.0064141535
-0.0064549504
-0.0065173563
-0.0066238655
-0.0067729860
-0.0069354758
-0.0070941556
-0.0072544356
-0.0074217339
-0.0075941594
-0.0077590807
-0.0078932359
-0.0079765131
-0.0080198831
-0.0080542093
-0.0080918243
-0.0081304423
-0.0081693473
-0.0082088816
-0.0082452181
-0.0082652510
-0.0082477584
-0.0081773555
-0.0080481339
-0.0078489648
-0.0075779138
-0.0072470417
-0.0068832407
-0.0065154065
-0.0061472982
-0.0057748629
-0.0053977555
-0.0050186373
-0.0046418046
-0.0042697575
-0.0038983805
-0.0035125624
-0.0030880119
-0.0026095883
-0.0021018242
-0.0015887258
-0.0010642990
-0.0005393932
-0.0000654300
0.0002737420
0.0004153656
0.0003531970
0.0001147627
-0.0002629555
-0.0007674568
-0.0014061933
-0.0021627497
-0.0030351680
-0.0040282735
-0.0051100202
-0.0062550682
-0.0074733381
-0.0087837263
-0.0102007320
-0.0117151705
-0.0132908859
-0.0149080266
-0.0165633489
-0.0182753310
-0.0200677142
-0.0219344090
-0.0238464626
-0.0257544866
-0.0276088586
-0.0293841369
-0.0310659193
-0.0326387073
-0.0341009586
-0.0354542168
-0.0366678130
-0.0377149053
-0.0385946902
-0.0392895692
-0.0397690399
-0.0399991326
-0.0399485276
-0.0396274522
-0.0390736279
-0.0383050304
-0.0372974438
-0.0360247674
-0.0345050031
-0.0327760744
-0.0308598420
-0.0287771926
-0.0265444275
-0.0241455352
-0.0215600412
-0.0188046396
-0.0159493954
-0.0130431378
-0.0101088645
-0.0071689787
-0.0042180820
-0.0012539174
0.0017088801
0.0046350807
0.0074758794
0.0101975843
0.0127640581
0.0151389954
0.0172783682
0.0191084652
0.0205816305
0.0216541304
0.0222672313
0.0223647926
0.0218513761
0.0206582774
0.0188558041
0.0165687833
0.0138934877
0.0108973959
0.0076320027
0.0041747816
0.0005843804
-0.0031171202
-0.0068923081
-0.0106961114
-0.0145133742
-0.0183403160
-0.0221467734
-0.0258678942
-0.0294281437
-0.0327770081
-0.0358698459
-0.0386304721
-0.0409777588
-0.0428298783
-0.0440941648
-0.0447465656
-0.0448409028
-0.0444271773
-0.0435537021
-0.0422901764
-0.0407246088
-0.0389550855
-0.0370613717
-0.0351008900
-0.0331155053
-0.0311333457
-0.0291862276
-0.0273077615
-0.0255166815
-0.0238125926
-0.0221918466
-0.0206642390
-0.0192417547
-0.0179407464
-0.0167574132
-0.0156911212
-0.0147647414
-0.0139702295
-0.0132964568
-0.0127377020
-0.0122629585
-0.0118352400
-0.0114277799
-0.0110286669
-0.0106390868
-0.0102561744
-0.0098640921
-0.0094364565
-0.0089542597
-0.0084372867
-0.0079186058
-0.0074062857
-0.0068982136
-0.0063891095
-0.0058649490
-0.0053017153
-0.0046799418
-0.0040134188
-0.0033091213
-0.0025498440
-0.0017601938
-0.0009719708
-0.0001838095
0.0006069103
0.0013982058
0.0021876537
0.0029770511
0.0037781412
0.0046138127
0.0055049480
0.0064453429
0.0074439048
0.0085386981
0.0097269519
0.0109758610
0.0122722254
0.0136088239
0.0149936815
0.0164513659
0.0179764744
0.0195528606
0.0211671584
0.0228199629
0.0245271554
0.0262810938
0.0280818813
0.0299397508
0.0318265618
0.0337074806
0.0355641856
0.0373756551
0.0391383055
0.0408833689
0.0426360148
0.0443936111
0.0461482051
0.0478877686
0.0495945322
0.0512539681
0.0528590105
0.0543903643
0.0558115125
0.0570961013
0.0582228823
0.0591553971
0.0598601434
0.0603222875
0.0605135526
0.0603885478
0.0599323599
0.0591528893
0.0580548089
0.0566373535
0.0549257926
0.0529997904
0.0509347358
0.0487592266
0.0464809862
0.0441145835
0.0417061717
0.0393286087
0.0370284088
0.0348247030
0.0327390438
0.0307811132
0.0289480767
0.0272408096
0.0256717006
0.0242694336
0.0230684290
0.0220765929
0.0212713839
0.0206110981
0.0200513506
0.0195860200
0.0192180486
0.0189064312
0.0186034732
0.0182984200
0.0180057642
0.0177495685
0.0175502343
0.0173965093
0.0172550535
0.0171053782
0.0169308613
0.0167051533
0.0164087208
0.0160209649
0.0155124659
0.0148689977
0.0140895045
0.0131754968
0.0121363929
0.0109916317
0.0097610560
0.0084421256
0.0070229563
0.0055117425
0.0039099389
0.0022110539
0.0004334372
-0.0014041084
-0.0032944266
-0.0052328844
-0.0072208568
-0.0092281291
-0.0111936898
-0.0130842893
-0.0148835766
-0.0165660390
-0.0181166455
-0.0195271115
-0.0207870458
-0.0218977167
-0.0228789434
-0.0237690974
-0.0246201211
-0.0254619906
-0.0262924635
-0.0271105077
-0.0279346379
-0.0288038129
-0.0297586197
-0.0307968588
-0.0318776025
-0.0329915936
-0.0341706304
-0.0354268082
-0.0367497163
-0.0381112762
-0.0394703333
-0.0407965088
-0.0420615812
-0.0432530155
-0.0443586151
-0.0453653086
-0.0462750735
-0.0470707694
-0.0477432572
-0.0482732523
-0.0486182057
-0.0487907780
-0.0488279085
-0.0487376201
-0.0485154698
-0.0481542367
-0.0476406506
-0.0469567428
-0.0460968323
-0.0450925359
-0.0439672609
-0.0426845811
-0.0412296157
-0.0396382809
-0.0379429208
-0.0361708230
-0.0343355082
-0.0324576178
-0.0305694104
-0.0286893786
-0.0268381008
-0.0250352205
-0.0232728998
-0.0215453958
-0.0198769226
-0.0182765032
-0.0167428358
-0.0152771320
-0.0138801647
-0.0125493079
-0.0112767134
-0.0100514187
-0.0088688678
-0.0077417780
-0.0066523242
-0.0055679014
-0.0044819262
-0.0033971449
-0.0023147642
-0.0012348924
-0.0001571066
0.0009195268
0.0019969525
0.0030780893
0.0041647652
0.0052531230
0.0063288011
0.0073677736
0.0083530373
0.0093049949
0.0102554709
0.0112097961
0.0121638809
0.0131158510
0.0140654988
0.0150133777
0.0159599208
0.0169057797
0.0178525712
0.0188030988
0.0197592032
0.0207169536
0.0216615503
0.0225681669
0.0234192135
0.0242358092
0.0250508486
0.0258697551
0.0266882413
0.0275044606
0.0283184891
0.0291312623
0.0299432718
0.0307544445
0.0315648949
0.0323762294
0.0331915846
0.0340128601
0.0348344596
0.0356365510
0.0363863444
0.0370570573
0.0376453544
0.0381627866
0.0385973944
0.0389202282
0.0391095401
0.0391339733
0.0389572589
0.0385674125
0.0379816675
0.0372304939
0.0363464813
0.0353566638
0.0342841481
0.0331358212
0.0319109086
0.0306197997
0.0292859714
0.0279365013
0.0265803370
0.0252214683
0.0238862527
0.0226265369
0.0214952029
0.0205320567
0.0197742789
0.0192356383
0.0188900558
0.0186923537
0.0185930590
0.0185492184
0.0185490459
0.0186150049
0.0187586308
0.0189687151
0.0192286771
0.0195275488
0.0198719271
0.0202558812
0.0206610128
0.0210960740
0.0215822798
0.0221101817
0.0226502656
0.0231916372
0.0237358606
0.0242763643
0.0247949452
0.0252704183
0.0257003996
0.0260995662
0.0264593027
0.0267480714
0.0269289823
0.0269470679
0.0267591996
0.0263452562
0.0256767577
0.0247402838
0.0235590629
0.0221796108
0.0206520970
0.0190085380
0.0172730444
0.0154687721
0.0136129129
0.0117255730
0.0098115425
0.0078622294
0.0058973773
0.0039560937
0.0020469553
0.0001646370
-0.0016632879
-0.0034004775
-0.0050462671
-0.0066093315
-0.0080612465
-0.0093789518
-0.0105772289
-0.0116810233
-0.0127032395
-0.0136347236
-0.0144855546
-0.0152900162
-0.0160497247
-0.0167553339
-0.0174352881
-0.0181162110
-0.0187956225
-0.0194685226
-0.0201350637
-0.0208034179
-0.0214922836
-0.0222244341
-0.0230054324
-0.0238095177
-0.0246255827
-0.0254793743
-0.0263887300
-0.0273411569
-0.0283339937
-0.0293805773
-0.0304512749
-0.0315123269
-0.0325715031
-0.0336527760
-0.0347858939
-0.0359823437
-0.0371956444
-0.0383628760
-0.0394587449
-0.0404939081
-0.0414743738
-0.0423872396
-0.0431995152
-0.0438680923
-0.0443662039
-0.0446632919
-0.0447454064
-0.0445915418
-0.0441814732
-0.0435323955
-0.0426586300
-0.0415492475
-0.0402246894
-0.0387266920
-0.0370734613
-0.0353104946
-0.0334741898
-0.0315663611
-0.0295815223
-0.0275181748
-0.0253864648
-0.0232154720
-0.0210478539
-0.0189150104
-0.0168435133
-0.0148395714
-0.0129046467
-0.0110441424
-0.0092610088
-0.0075791052
-0.0060283829
-0.0046074653
-0.0033043309
-0.0021423937
-0.0011218577
-0.0002134262
0.0005730868
0.0012422075
0.0018122321
0.0022881445
0.0026935175
0.0030346149
0.0033020041
0.0034797688
0.0035535405
0.0035435731
0.0034762414
0.0033733630
0.0032591671
0.0031386499
0.0030030470
0.0028512610
0.0026990015
0.0025594527
0.0024327141
0.0023307613
0.0022760803
0.0022711295
0.0023084189
0.0023949176
0.0025195025
0.0026498506
0.0027749991
0.0029076952
0.0030692478
0.0032778352
0.0035239550
0.0037632723
0.0039559799
0.0041093943
0.0042496560
0.0043684988
0.0044343352
0.0044341665
0.0043692654
0.0042363482
0.0040339794
0.0037657377
0.0034360012
0.0030554441
0.0026538936
0.0022599430
0.0018925616
0.0015708189
0.0012902234
0.0010194514
0.0007452353
0.0004878418
0.0002785446
0.0001419098
0.0000962793
0.0001705610
0.0003835061
0.0007264592
0.0011770487
0.0017070564
0.0023023097
0.0029688989
0.0037120828
0.0045312497
0.0054171532
0.0063482864
0.0072964616
0.0082471987
0.0092041059
0.0101630340
0.0111037056
0.0119950486
0.0128155702
0.0135602500
0.0142222568
0.0148010770
0.0152943537
0.0156636135
0.0158769738
0.0159481192
0.0159127487
0.0158183451
0.0157063682
0.0155896172
0.0154703981
0.0153665142
0.0153068373
0.0153084246
0.0153709289
0.0155006940
0.0157194266
0.0160589066
0.0165377328
0.0171488073
0.0178736521
0.0186850147
0.0195602476
0.0204839723
0.0214309767
0.0223819942
0.0233303298
0.0242612927
0.0251555793
0.0260068497
0.0268123893
0.0275317248
0.0281063448
0.0285084325
0.0287371217
0.0288156950
0.0287708301
0.0286174385
0.0283718573
0.0280366965
0.0276005792
0.0270729562
0.0264732410
0.0258040142
0.0250724177
0.0242983410
0.0235038192
0.0226866948
0.0218165853
0.0208756562
0.0198677998
0.0187950709
0.0176539617
0.0164409690
0.0151596127
0.0138282237
0.0124809988
0.0111527837
0.0098702744
0.0086561013
0.0075285535
0.0065144685
0.0056307476
0.0048750478
0.0042475497
0.0037586978
0.0034303819
0.0032853303
0.0033219341
0.0035121149
0.0038390984
0.0043021702
0.0048875492
0.0055609503
0.0062792785
0.0069992893
0.0076850211
0.0083289274
0.0089318052
0.0094987546
0.0100584283
0.0106198613
0.0111533841
0.0116157068
0.0119795248
0.0122532256
0.0124470451
0.0125488839
0.0125574990
0.0124774738
0.0123042905
0.0120630868
0.0117990139
0.0115332310
0.0112785930
0.0110644129
0.0109210312
0.0108523257
0.0108283080
0.0108114853
0.0107970707
0.0108128071
0.0108862179
0.0110131515
0.0111519311
0.0112628247
0.0113262590
0.0113418507
0.0113235094
0.0112634409
0.0111412241
0.0109513637
0.0106860221
0.0103317645
0.0098799698
0.0093444980
0.0087497683
0.0081030198
0.0074078819
0.0066639789
0.0058876486
0.0051300986
0.0044204109
0.0037385738
0.0030575603
0.0023766814
0.0017171863
0.0011019874
0.0005346109
0.0000033758
-0.0004799187
-0.0008881276
-0.0012084616
-0.0014352446
-0.0015812020
-0.0016626534
-0.0016697328
-0.0015869802
-0.0014117890
-0.0011698294
-0.0008913969
-0.0005654791
-0.0001692237
0.0003001939
0.0008421801
0.0014518420
0.0021101467
0.0027827728
0.0034355878
0.0040432186
0.0045843135
0.0050407443
0.0053830979
0.0055893484
0.0056569437
0.0055853321
0.0053750456
0.0050162767
0.0044801995
0.0037651796
0.0029189471
0.0019836265
0.0009639072
-0.0001487870
-0.0013364201
-0.0025707225
-0.0038542903
-0.0051871307
-0.0065393744
-0.0078906300
-0.0092423232
-0.0105968328
-0.0119544871
-0.0133146117
-0.0146753767
-0.0160341485
-0.0173887126
-0.0187405220
-0.0200988966
-0.0214825987
-0.0229112689
-0.0243830136
-0.0258759991
-0.0273911821
-0.0289530888
-0.0305622021
-0.0321880003
-0.0338102455
-0.0354308140
-0.0370542776
-0.0386843615
-0.0403221417
-0.0419603565
-0.0435782188
-0.0451443202
-0.0466381517
-0.0480709154
-0.0494642059
-0.0508243048
-0.0521257704
-0.0533285004
-0.0544325100
-0.0554577730
-0.0563967335
-0.0572462219
-0.0580124311
-0.0586676012
-0.0591855967
-0.0595675507
-0.0598166107
-0.0599340455
-0.0599203936
-0.0597769647
-0.0595127092
-0.0591577157
-0.0587519051
-0.0582990998
-0.0577840661
-0.0572067253
-0.0565685284
-0.0559003598
-0.0552375906
-0.0545807891
-0.0539222402
-0.0532484184
-0.0525380635
-0.0517764545
-0.0509808655
-0.0501692689
-0.0493232330
-0.0484241688
-0.0474953301
-0.0465685645
-0.0456349115
-0.0446556583
-0.0435869741
-0.0424197207
-0.0411771307
-0.0398569746
-0.0384445761
-0.0369478442
-0.0353653143
-0.0336862332
-0.0319185745
-0.0300631214
-0.0281108586
-0.0260713200
-0.0239459250
-0.0217248912
-0.0194178738
-0.0170305261
-0.0145616285
-0.0120303766
-0.0094703927
-0.0069210064
-0.0044180345
-0.0019821378
0.0003721320
0.0026173257
0.0047280167
0.0066874673
0.0084699560
0.0100521609
0.0114176829
0.0125436402
0.0134163104
0.0140454448
0.0144664720
0.0147290693
0.0148581049
0.0148622578
0.0147659479
0.0145994546
0.0143818758
0.0141414501
0.0139011022
0.0136574646
0.0134056005
0.0131455439
0.0128856405
0.0126481642
0.0124632030
0.0123395037
0.0122266848
0.0120626804
0.0118355604
0.0115919361
0.0113909886
0.0112535606
0.0111623139
0.0110689238
0.0109317369
0.0107387561
0.0105176903
0.0103019915
0.0100923576
0.0098795294
0.0096612855
0.0094492829
0.0092722116
0.0091615603
0.0091224067
0.0091489198
0.0092363064
0.0093828712
0.0095927743
0.0098675378
0.0102182167
0.0106705439
0.0112527806
0.0119657913
0.0127839072
0.0136808070
0.0146568004
0.0157253600
0.0168676277
0.0180556609
0.0192947166
0.0205877178
0.0219059233
0.0232234148
0.0245244444
0.0257836350
0.0269781573
0.0280969468
0.0291241046
0.0300587787
0.0309151567
0.0316840357
0.0323649438
0.0329676242
0.0334659233
0.0338320694
0.0340637020
0.0341723359
0.0341875825
0.0341398486
0.0340263662
0.0338413598
0.0335847424
0.0332571754
0.0328603948
0.0323975137
0.0318780219
0.0313196975
0.0307487609
0.0301730363
0.0296021064
0.0290291570
0.0284304564
0.0278110495
0.0272144873
0.0266563049
0.0261069715
0.0255442871
0.0249476898
0.0242995465
0.0236130419
0.0229194919
0.0222300854
0.0215419827
0.0208551637
0.0201703080
0.0194817825
0.0187712436
0.0180105640
0.0171819870
0.0162863264
0.0153256332
0.0143011752
0.0132140849
0.0120631074
0.0108418815
0.0095370365
0.0081356877
0.0066588016
0.0051592604
0.0036592394
0.0021491299
0.0006228120
-0.0009103207
-0.0024306005
-0.0039395622
-0.0054525627
-0.0069718459
-0.0084918823
-0.0099977149
-0.0114646389
-0.0128748469
-0.0142451645
-0.0155827041
-0.0168598192
-0.0180744194
-0.0192237404
-0.0202918246
-0.0212704559
-0.0221684033
-0.0230235910
-0.0238449653
-0.0245989866
-0.0252657489
-0.0258391411
-0.0263294690
-0.0267749424
-0.0271803636
-0.0275054601
-0.0277314074
-0.0278790291
-0.0279622821
-0.0279780033
-0.0279216993
-0.0277948936
-0.0276094066
-0.0273862334
-0.0271424124
-0.0268656831
-0.0265329536
-0.0261556903
-0.0257695128
-0.0253913149
-0.0250179114
-0.0246369468
-0.0242261062
-0.0237624417
-0.0232499143
-0.0227269653
-0.0222303059
-0.0217794048
-0.0213778420
-0.0210154398
-0.0206963361
-0.0204218745
-0.0201647850
-0.0199062658
-0.0196479856
-0.0193915562
-0.0191368756
-0.0188846362
-0.0186365937
-0.0183933112
-0.0181487912
-0.0178854553
-0.0175766522
-0.0172061539
-0.0167860852
-0.0163245932
-0.0158152377
-0.0152516715
-0.0146160672
-0.0138964614
-0.0130821741
-0.0121733526
-0.0111834496
-0.0101013605
-0.0089285442
-0.0076912786
-0.0063982531
-0.0050723686
-0.0037391124
-0.0023932931
-0.0010363416
0.0003120109
0.0016519070
0.0029969907
0.0043342798
0.0056323894
0.0068597571
0.0080151298
0.0091025026
0.0101276354
0.0111049347
0.0120547926
0.0130008560
0.0139346900
0.0148319364
0.0156761172
0.0164814184
0.0172593541
0.0179834558
0.0186311196
0.0192089540
0.0197425148
0.0202330766
0.0206426213
0.0209521108
0.0211681180
0.0212685584
0.0212249825
0.0210231382
0.0206553148
0.0201391634
0.0194971467
0.0187488987
0.0179191346
0.0170180217
0.0160466895
0.0150128555
0.0139288909
0.0128018467
0.0116223527
0.0103974281
0.0091558853
0.0079134686
0.0066799143
0.0054752878
0.0043182062
0.0031975665
0.0020802555
0.0009596315
-0.0001329304
-0.0011515859
-0.0020684876
-0.0028988850
-0.0036710226
-0.0043965655
-0.0050830767
-0.0057266855
-0.0063252733
-0.0068968252
-0.0074407979
-0.0079361972
-0.0083876182
-0.0088279734
-0.0092697790
-0.0096883364
-0.0100481035
-0.0103309958
-0.0105487948
-0.0107273537
-0.0108961590
-0.0110649379
-0.0112135733
-0.0113172453
-0.0113682817
-0.0113870975
-0.0113798734
-0.0113243114
-0.0112126012
-0.0110476343
-0.0108279731
-0.0105652965
-0.0102628656
-0.0099127450
-0.0095349912
-0.0091375786
-0.0086954714
-0.0081999377
-0.0076811240
-0.0071659297
-0.0066531531
-0.0061381012
-0.0056178540
-0.0050917124
-0.0045652711
-0.0040542078
-0.0035833178
-0.0031713756
-0.0028184671
-0.0025346755
-0.0023327957
-0.0022238637
-0.0022007796
-0.0022210736
-0.0022787020
-0.0023934780
-0.0025398831
-0.0026847007
-0.0028282760
-0.0029769504
-0.0031368958
-0.0033126297
-0.0034972250
-0.0036662306
-0.0038169778
-0.0039671021
-0.0041186557
-0.0042716168
-0.0044284227
-0.0045903655
-0.0047525853
-0.0048985389
-0.0050020361
-0.0050476672
-0.0050647084
-0.0050877488
-0.0051201439
-0.0051627151
-0.0052132149
-0.0052558732
-0.0052848003
-0.0053025397
-0.0052890513
-0.0052149877
-0.0050746348
-0.0048677164
-0.0045861167
-0.0042162446
-0.0037504810
-0.0032018248
-0.0025627362
-0.0018244701
-0.0010056549
-0.0001090936
0.0008658075
0.0019035173
0.0029979353
0.0041508921
0.0053406477
0.0065360301
0.0077311063
0.0089288792
0.0101298744
0.0113329973
0.0125363603
0.0137388446
0.0149410192
0.0161454490
0.0173547203
0.0185669626
0.0197699143
0.0209385319
0.0220465583
0.0230930730
0.0240811725
0.0249990719
0.0258222343
0.0265232888
0.0270955531
0.0275399203
0.0278553903
0.0280365825
0.0280708691
0.0279419913
0.0276448425
0.0272093576
0.0266722934
0.0260343369
0.0252921004
0.0244652130
0.0235652280
0.0225929653
0.0215573557
0.0204796836
0.0193870652
0.0182925347
0.0172035549
0.0161385539
0.0151181164
0.0141413676
0.0132004097
0.0123113989
0.0114881458
0.0107331080
0.0100541857
0.0094651862
0.0089734409
0.0085601536
0.0082056527
0.0079008630
0.0076402980
0.0074308115
0.0072607741
0.0071008790
0.0069488022
0.0068280508
0.0067592635
0.0067319477
0.0067169720
0.0067040528
0.0066939818
0.0066766237
0.0066284561
0.0065277551
0.0063863965
0.0062433912
0.0061283719
0.0060575021
0.0060297000
0.0060371635
0.0060966613
0.0062260991
0.0064190548
0.0066563895
0.0069082369
0.0071575739
0.0074099844
0.0076721516
0.0079443762
0.0082145600
0.0084528864
0.0086197858
0.0086977628
0.0087128034
0.0086890057
0.0086013186
0.0084162467
0.0081418632
0.0077986800
0.0073892549
0.0069169664
0.0063912637
0.0058215953
0.0052065390
0.0045495717
0.0038781772
0.0032018188
0.0024978434
0.0017421153
0.0009381183
0.0001188521
-0.0006954200
-0.0015092790
-0.0023305052
-0.0031644410
-0.0040089941
-0.0048486212
-0.0056748369
-0.0064985815
-0.0073254309
-0.0081444900
-0.0089347515
-0.0096767503
-0.0103751888
-0.0110409948
-0.0116548617
-0.0121916006
-0.0126353218
-0.0129799101
-0.0132464123
-0.0134561977
-0.0136191091
-0.0137399711
-0.0138087117
-0.0138317352
-0.0138373645
-0.0138415754
-0.0138546546
-0.0138972307
-0.0139882647
-0.0141162648
-0.0142504795
-0.0143800588
-0.0145111057
-0.0146492992
-0.0147945807
-0.0149361295
-0.0150491246
-0.0151035286
-0.0150899812
-0.0150178326
-0.0148999588
-0.0147427264
-0.0145340329
-0.0142743165
-0.0139700617
-0.0136116237
-0.0132163672
-0.0128139759
-0.0124086571
-0.0120002381
-0.0116002615
-0.0112316674
-0.0109140569
-0.0106360923
-0.0103843290
-0.0101741613
-0.0100092326
-0.0098672964
-0.0097335616
-0.0096106263
-0.0094971432
-0.0093758955
-0.0092426945
-0.0091114245
-0.0089832848
-0.0088451477
-0.0086747806
-0.0084530037
-0.0081878314
-0.0078833914
-0.0075135472
-0.0070724010
-0.0065762145
-0.0060521309
-0.0055250098
-0.0049862165
-0.0044105188
-0.0037813356
-0.0031155070
-0.0024303183
-0.0017053985
-0.0009213990
-0.0001063854
0.0007061890
0.0015166860
0.0023286368
0.0031424720
0.0039585519
0.0047776586
0.0056008482
0.0064261075
0.0072439445
0.0080353904
0.0087810719
0.0094836567
0.0101582089
0.0107947138
0.0113766156
0.0119315312
0.0124870879
0.0130272994
0.0135263555
0.0139720732
0.0143758866
0.0147345322
0.0150257153
0.0152556178
0.0154383902
0.0155796296
0.0156605635
0.0156413570
0.0155223108
0.0153299792
0.0150728802
0.0147540380
0.0143823706
0.0139675590
0.0135074953
0.0130024699
0.0124728965
0.0119190022
0.0113175484
0.0106685742
0.0100018910
0.0093370241
0.0086732959
0.0080105793
0.0073506958
0.0066917283
0.0060224201
0.0053209553
0.0045682183
0.0037761580
0.0029756498
0.0021766274
0.0013736523
0.0005670408
-0.0002312314
-0.0009988483
-0.0017175004
-0.0023993306
-0.0030653113
-0.0037037103
-0.0042899535
-0.0048272379
-0.0053222886
-0.0057636786
-0.0061694054
-0.0065711105
-0.0069743277
-0.0073756681
-0.0077740997
-0.0081702771
-0.0085654303
-0.0089602497
-0.0093545810
-0.0097479019
-0.0101404832
-0.0105342976
-0.0109323393
-0.0113349516
-0.0117335986
-0.0121059561
-0.0124221777
-0.0126688938
-0.0128511381
-0.0129760722
-0.0130511232
-0.0130791716
-0.0130674026
-0.0130064662
-0.0128689415
-0.0126586671
-0.0123977937
-0.0121185786
-0.0118464708
-0.0115763271
-0.0112936778
-0.0109804478
-0.0106245163
-0.0102449046
-0.0098952124
-0.0095957014
-0.0093098069
-0.0090141805
-0.0087189330
-0.0084467913
-0.0082221756
-0.0080503693
-0.0079178727
-0.0078278811
-0.0077897571
-0.0077955988
-0.0078479924
-0.0079486141
-0.0080895188
-0.0082782934
-0.0085116694
-0.0087758037
-0.0090799910
-0.0094315685
-0.0098100002
-0.0101921215
-0.0105730783
-0.0109571853
-0.0113474785
-0.0117420568
-0.0121306203
-0.0124938142
-0.0128127157
-0.0130912223
-0.0133524783
-0.0136007413
-0.0138121501
-0.0139660589
-0.0140785919
-0.0141570216
-0.0141728582
-0.0141207863
-0.0139965099
-0.0137878075
-0.0134822713
-0.0130809343
-0.0125986048
-0.0120075818
-0.0112780662
-0.0104091944
-0.0094043610
-0.0082684460
-0.0070115291
-0.0056495107
-0.0041939831
-0.0026470024
-0.0010300874
0.0006252748
0.0023171192
0.0040429383
0.0057662802
0.0074528735
0.0091114248
0.0107669087
0.0124183191
0.0140423969
0.0156189324
0.0171563001
0.0186747941
0.0201665521
0.0216103891
0.0230131609
0.0243952570
0.0257488037
0.0270522485
0.0283106002
0.0295292374
0.0306838004
0.0317624942
0.0327657693
0.0337003388
0.0345872249
0.0354149127
0.0361317863
0.0367005207
0.0371239729
0.0374129192
0.0375682607
0.0375891266
0.0374729688
0.0372148693
0.0368113078
0.0362660934
0.0355944036
0.0348231092
0.0339783136
0.0330564356
0.0320411912
0.0309260152
0.0297343321
0.0285206337
0.0273089884
0.0260925816
0.0248684421
0.0236450388
0.0224428144
0.0212858255
0.0201796729
0.0191116314
0.0180864377
0.0171176061
0.0162039564
0.0153539735
0.0145836762
0.0139007386
0.0133200944
0.0128653866
0.0125410487
0.0123229291
0.0121773539
0.0120856749
0.0120406998
0.0120390515
0.0120903212
0.0121865533
0.0122983368
0.0124092277
0.0125082148
0.0125726794
0.0125806018
0.0125390147
0.0124610737
0.0123402933
0.0121599008
0.0118811788
0.0114720842
0.0109345931
0.0102847584
0.0095402738
0.0087104877
0.0077801913
0.0067476807
0.0056476413
0.0045037416
0.0033128721
0.0020562646
0.0007350838
-0.0006339785
-0.0020221468
-0.0034002828
-0.0047690795
-0.0061318139
-0.0074884213
-0.0088390876
-0.0101843227
-0.0115238712
-0.0128522009
-0.0141545101
-0.0154087334
-0.0166022036
-0.0177454983
-0.0188405072
-0.0198804007
-0.0208914693
-0.0218988413
-0.0228994392
-0.0238818190
-0.0248286793
-0.0257231305
-0.0265688516
-0.0273880656
-0.0281823487
-0.0289292424
-0.0296205564
-0.0302662384
-0.0308648041
-0.0314131457
-0.0319239986
-0.0323952520
-0.0328132034
-0.0331760806
-0.0334804607
-0.0337229229
-0.0339026079
-0.0340139919
-0.0340456504
-0.0339872213
-0.0338439314
-0.0336170027
-0.0333064554
-0.0329314121
-0.0324996949
-0.0320100632
-0.0314630119
-0.0308601885
-0.0302037313
-0.0294942561
-0.0287316709
-0.0279161089
-0.0270485536
-0.0261316931
-0.0251714318
-0.0241763641
-0.0231517016
-0.0220928723
-0.0210225491
-0.0199624017
-0.0188984026
-0.0178070455
-0.0166768263
-0.0155330420
-0.0144038072
-0.0132889372
-0.0121844352
-0.0110877820
-0.0099970014
-0.0089129632
-0.0078424111
-0.0068002828
-0.0058048423
-0.0048601529
-0.0039425128
-0.0030320280
-0.0021305997
-0.0012414108
-0.0003648687
0.0004996697
0.0013528794
0.0021941596
0.0030218898
0.0038353592
0.0046383664
0.0054418676
0.0062610762
0.0071023139
0.0079526954
0.0087934984
0.0096175076
0.0104252144
0.0112186966
0.0120044866
0.0127956901
0.0136059900
0.0144327632
0.0152553549
0.0160619085
0.0168538028
0.0176276681
0.0183716189
0.0190714159
0.0197247633
0.0203363835
0.0208978920
0.0214033323
0.0218598612
0.0222772909
0.0226595779
0.0229955846
0.0232771425
0.0235056361
0.0236826391
0.0238093843
0.0238884213
0.0239250608
0.0239268329
0.0238989880
0.0238376290
0.0237467589
0.0236373635
0.0235046905
0.0233386922
0.0231489703
0.0229471040
0.0227242434
0.0224701661
0.0221951400
0.0219114997
0.0216110000
0.0212815014
0.0209272321
0.0205535171
0.0201531969
0.0197300097
0.0192899364
0.0188268315
0.0183443747
0.0178449918
0.0173147484
0.0167471981
0.0161366979
0.0154834014
0.0148060442
0.0141138781
0.0134158833
0.0127170860
0.0120048052
0.0112737380
0.0105275549
0.0097682615
0.0090098870
0.0082666248
0.0075365037
0.0068173080
0.0061117785
0.0054277367
0.0047759707
0.0041612406
0.0035763340
0.0030192855
0.0024964178
0.0020043642
0.0015420465
0.0011113853
0.0007001965
0.0002983523
-0.0000924228
-0.0004709786
-0.0008405219
-0.0012089195
-0.0015861632
-0.0019742790
-0.0023585887
-0.0027223705
-0.0030581677
-0.0033660324
-0.0036577412
-0.0039425568
-0.0042191724
-0.0044858408
-0.0047423093
-0.0049890581
-0.0052267497
-0.0054555393
-0.0056748965
-0.0058840803
-0.0060834423
-0.0062759779
-0.0064677577
-0.0066648470
-0.0068657962
-0.0070610206
-0.0072445940
-0.0074173390
-0.0075812316
-0.0077389046
-0.0078932912
-0.0080446833
-0.0081864369
-0.0083098924
-0.0084144209
-0.0085011822
-0.0085698363
-0.0086226078
-0.0086577163
-0.0086718689
-0.0086662340
-0.0086422827
-0.0086008661
-0.0085427981
-0.0084688019
-0.0083795542
-0.0082758359
-0.0081589867
-0.0080311545
-0.0078951200
-0.0077529621
-0.0076041071
-0.0074479639
-0.0072862873
-0.0071191500
-0.0069485213
-0.0067792617
-0.0066132952
-0.0064502288
-0.0062898543
-0.0061322250
-0.0059773703
-0.0058251657
-0.0056754417
-0.0055284113
-0.0053851910
-0.0052479222
-0.0051185781
-0.0049964255
-0.0048797694
-0.0047693090
-0.0046650658
-0.0045657567
-0.0044714973
-0.0043812831
-0.0042931303
-0.0042076941
-0.0041266544
-0.0040488752
-0.0039715874
-0.0038937425
-0.0038155516
-0.0037372257
-0.0036589178
-0.0035807273
-0.0035027045
-0.0034247354
-0.0033462098
-0.0032658565
-0.0031823743
-0.0030958742
-0.0030069666
-0.0029161263
-0.0028237450
-0.0027300068
-0.0026349880
-0.0025386314
-0.0024409990
-0.0023427689
-0.0022456314
-0.0021500694
-0.0020551876
-0.0019609701
-0.0018681880
-0.0017778834
-0.0016908928
-0.0016069796
-0.0015254760
-0.0014459147
-0.0013685047
-0.0012940020
-0.0012227755
-0.0011545401
-0.0010887650
-0.0010250147
-0.0009633725
-0.0009044351
-0.0008486753
-0.0007961824
-0.0007467349
-0.0007000151
-0.0006557139
-0.0006136195
-0.0005737807
-0.0005363520
-0.0005013957
-0.0004686564
-0.0004378627
-0.0004090022
-0.0003819440
-0.0003565810
-0.0003330292
-0.0003112293
-0.0002909244
-0.0002720034
-0.0002543752
-0.0002378123
-0.0002221755
-0.0002073801
-0.0001933324
-0.0001799571
-0.0001671430
-0.0001548274
-0.0001430278
-0.0001317821
-0.0001210967
-0.0001109034
-0.0001011365
-0.0000918068
-0.0000829393
-0.0000745180
-0.0000664958
-0.0000588477
-0.0000515803
-0.0000447077
-0.0000382374
-0.0000321584
-0.0000264477
-0.0000210931
-0.0000160943
-0.0000114529
-0.0000071689
-0.0000032414
0.0000003319
0.0000035540
0.0000064289
0.0000089610
0.0000111534
0.0000130062
0.0000145205
0.0000157014
0.0000165547
0.0000170862
0.0000173020
0.0000172082
0.0000168110
0.0000161164
0.0000151309
0.0000138614
0.0000123150
0.0000104988
0.0000084199
0.0000060855
0.0000035028
0.0000006792
-0.0000023782
-0.0000056620
