PARKFIELD C02090 Earthquake
4215,0.005
0.0000000000
-0.0000288785
-0.0000579439
-0.0000864555
-0.0001142193
-0.0001413838
-0.0001684214
-0.0001973585
-0.0002318719
-0.0002747750
-0.0003232762
-0.0003713947
-0.0004140116
-0.0004478998
-0.0004776438
-0.0005091725
-0.0005426662
-0.0005771724
-0.0006112965
-0.0006429655
-0.0006709920
-0.0006981365
-0.0007340669
-0.0007938291
-0.0008854365
-0.0009891957
-0.0010716581
-0.0011103293
-0.0011032296
-0.0010658521
-0.0010405904
-0.0010848291
-0.0012230956
-0.0014415835
-0.0016905735
-0.0018935477
-0.0020004387
-0.0020154232
-0.0019801243
-0.0019674935
-0.0020548047
-0.0022946848
-0.0026855411
-0.0031555686
-0.0036053684
-0.0039539539
-0.0041680963
-0.0042806833
-0.0043650312
-0.0044976801
-0.0047282387
-0.0050515243
-0.0054099376
-0.0057084819
-0.0058612772
-0.0058466898
-0.0057045729
-0.0055027030
-0.0053270811
-0.0052681557
-0.0053653811
-0.0055806977
-0.0058357661
-0.0060443139
-0.0061424494
-0.0061213835
-0.0060311277
-0.0059523238
-0.0059521933
-0.0060460184
-0.0061939776
-0.0063536763
-0.0065019285
-0.0066244075
-0.0067313421
-0.0068446623
-0.0069855367
-0.0071840139
-0.0074553852
-0.0077704188
-0.0080689281
-0.0082934598
-0.0084105416
-0.0084364610
-0.0084304915
-0.0084572296
-0.0085728201
-0.0087995458
-0.0091096070
-0.0094483954
-0.0097674575
-0.0100336000
-0.0102523625
-0.0104657900
-0.0106932467
-0.0109278683
-0.0111553746
-0.0113540104
-0.0115011475
-0.0115910175
-0.0116430026
-0.0116899983
-0.0117467374
-0.0117965448
-0.0118050106
-0.0117354127
-0.0115776445
-0.0113568642
-0.0111336334
-0.0110323263
-0.0111930638
-0.0116705221
-0.0123711267
-0.0130831443
-0.0135891861
-0.0137591556
-0.0136364599
-0.0134329771
-0.0133220804
-0.0133095932
-0.0132761187
-0.0130758533
-0.0126352087
-0.0119694467
-0.0111420650
-0.0102345447
-0.0093301361
-0.0084699937
-0.0076513675
-0.0068622296
-0.0060860214
-0.0053015375
-0.0045018824
-0.0036967254
-0.0029269653
-0.0022765949
-0.0018426091
-0.0016963571
-0.0018538719
-0.0022506454
-0.0027879743
-0.0033931977
-0.0039962510
-0.0045084412
-0.0048748548
-0.0051268385
-0.0053572891
-0.0056638289
-0.0061125379
-0.0067124098
-0.0074090400
-0.0081168671
-0.0087651784
-0.0093206219
-0.0097667137
-0.0100585544
-0.0101352945
-0.0099866810
-0.0096600288
-0.0092437995
-0.0088429864
-0.0085445687
-0.0083637370
-0.0082518791
-0.0081485155
-0.0079773728
-0.0077007667
-0.0073362658
-0.0069311132
-0.0065472838
-0.0062310190
-0.0060001252
-0.0058533582
-0.0057882398
-0.0058022613
-0.0058900634
-0.0060461386
-0.0062670723
-0.0065560979
-0.0069060932
-0.0072743338
-0.0076107962
-0.0078993431
-0.0081446020
-0.0083550392
-0.0085525472
-0.0087709154
-0.0090461416
-0.0093938378
-0.0098009296
-0.0102483627
-0.0107134257
-0.0111527017
-0.0115192035
-0.0117871995
-0.0119377378
-0.0119523099
-0.0118319625
-0.0115958126
-0.0112867354
-0.0109610690
-0.0106677099
-0.0104706197
-0.0104359042
-0.0105952127
-0.0109461262
-0.0114463358
-0.0119924962
-0.0124447158
-0.0126973586
-0.0127605316
-0.0127361098
-0.0127030682
-0.0126780013
-0.0126463311
-0.0125935006
-0.0125135562
-0.0124146554
-0.0123257410
-0.0122642246
-0.0122149776
-0.0121583114
-0.0120773604
-0.0119577435
-0.0118089277
-0.0116646186
-0.0115630037
-0.0115417917
-0.0116365734
-0.0118800398
-0.0122798711
-0.0127807297
-0.0132779408
-0.0136785426
-0.0139374542
-0.0140530494
-0.0140637285
-0.0140338292
-0.0140182670
-0.0140380151
-0.0140827475
-0.0141333839
-0.0141768642
-0.0142043686
-0.0142212778
-0.0142455904
-0.0142969020
-0.0143972503
-0.0145523634
-0.0147603557
-0.0150013993
-0.0152247525
-0.0153662257
-0.0154045521
-0.0153597207
-0.0152804350
-0.0152422475
-0.0153082395
-0.0155277702
-0.0158970020
-0.0163540529
-0.0168203090
-0.0172281810
-0.0175247052
-0.0177001276
-0.0177918883
-0.0178592703
-0.0179556315
-0.0180894115
-0.0182486875
-0.0184345191
-0.0186528702
-0.0189090916
-0.0191960040
-0.0194912316
-0.0197743211
-0.0200253872
-0.0202264556
-0.0203669234
-0.0204405741
-0.0204611494
-0.0204604153
-0.0204667674
-0.0204930948
-0.0205182754
-0.0205074156
-0.0204427141
-0.0203181098
-0.0201295020
-0.0198950065
-0.0196550865
-0.0194260552
-0.0191895326
-0.0189035392
-0.0185123348
-0.0179791902
-0.0173029821
-0.0165063929
-0.0156753842
-0.0149652642
-0.0145614209
-0.0145977402
-0.0150549741
-0.0157644922
-0.0165475989
-0.0173154984
-0.0180118943
-0.0185729758
-0.0189379387
-0.0191042306
-0.0191214965
-0.0190176024
-0.0188129112
-0.0185345097
-0.0181833095
-0.0177251914
-0.0171292438
-0.0163932807
-0.0155358909
-0.0145969554
-0.0136297240
-0.0126958428
-0.0118575226
-0.0111509954
-0.0105773496
-0.0101120719
-0.0097067445
-0.0093020636
-0.0088520860
-0.0083351760
-0.0077444169
-0.0070785168
-0.0063382282
-0.0055259808
-0.0046398047
-0.0036603807
-0.0025650343
-0.0013591947
-0.0000641874
0.0012928408
0.0026647788
0.0040047061
0.0052820270
0.0064628380
0.0075191552
0.0084638607
0.0093535604
0.0102582534
0.0112407694
0.0123486746
0.0135735561
0.0148284990
0.0159832610
0.0169165526
0.0175485883
0.0178350072
0.0177753289
0.0174180478
0.0168042592
0.0159566989
0.0149210188
0.0137410978
0.0124286491
0.0109819920
0.0094210815
0.0078144567
0.0062617598
0.0048542667
0.0036557434
0.0027317530
0.0021516352
0.0019307392
0.0020453924
0.0024461131
0.0030663368
0.0038503992
0.0047469653
0.0057118821
0.0066895608
0.0076209567
0.0084819789
0.0092925601
0.0100916719
0.0109106419
0.0117784805
0.0127220339
0.0137295104
0.0147416994
0.0156783455
0.0164569621
0.0169919614
0.0171830795
0.0169663475
0.0163653353
0.0154522776
0.0142997827
0.0129464926
0.0114073902
0.0097183787
0.0078921792
0.0059098006
0.0038089333
0.0016942625
-0.0002881142
-0.0019902002
-0.0032775687
-0.0040519353
-0.0042603319
-0.0039229806
-0.0031803593
-0.0021477112
-0.0008580979
0.0006523734
0.0023308545
0.0040967863
0.0058502196
0.0075118234
0.0090441435
0.0104466007
0.0117105020
0.0128201500
0.0137668413
0.0145197430
0.0150683724
0.0154186449
0.0155523926
0.0154664205
0.0151898013
0.0147710774
0.0142749532
0.0137591424
0.0132452250
0.0127348485
0.0122251572
0.0116946893
0.0110941919
0.0103723211
0.0095396388
0.0086542870
0.0077714860
0.0069341416
0.0061618350
0.0054362417
0.0047130675
0.0039822870
0.0032838383
0.0026823331
0.0022371810
0.0019884898
0.0019871221
0.0022958620
0.0029171026
0.0037761657
0.0047457527
0.0057096073
0.0066089406
0.0073974459
0.0080430333
0.0085414984
0.0089422126
0.0093010297
0.0096246670
0.0099382757
0.0102870474
0.0106976341
0.0112104156
0.0118518955
0.0125705181
0.0132749848
0.0138874166
0.0143434568
0.0145787466
0.0145740356
0.0143841460
0.0140623372
0.0136194692
0.0130663382
0.0124226783
0.0117028100
0.0109249123
0.0101116415
0.0093116577
0.0085904745
0.0079996377
0.0075857244
0.0073810333
0.0073837204
0.0075560375
0.0078553475
0.0082684742
0.0088194515
0.0095470587
0.0104649264
0.0115773682
0.0128813407
0.0143467801
0.0159563155
0.0177087715
0.0195842694
0.0215547134
0.0235954987
0.0257086916
0.0279125087
0.0302126720
0.0326209508
0.0351590173
0.0378488548
0.0407107061
0.0437612130
0.0470135056
0.0504775830
0.0541558177
0.0580672595
0.0622411763
0.0666773466
0.0713815060
0.0763646227
0.0816122884
0.0871303943
0.0929243979
0.0989620894
0.1052253782
0.1117119797
0.1184083707
0.1252804642
0.1322725982
0.1393465773
0.1464861882
0.1536787158
0.1609062125
0.1681346415
0.1753336422
0.1824991768
0.1896416335
0.1967613472
0.2038547188
0.2109243066
0.2179521487
0.2249024364
0.2317463420
0.2384535692
0.2449892683
0.2513285344
0.2574522691
0.2633332340
0.2689273739
0.2741822296
0.2790343658
0.2833881108
0.2871754650
0.2903790161
0.2929554862
0.2948744649
0.2961311467
0.2966939865
0.2965637665
0.2957825283
0.2944128691
0.2925286796
0.2901834525
0.2874293490
0.2843199613
0.2809056608
0.2772654848
0.2734674768
0.2695212499
0.2654207051
0.2611601036
0.2567423621
0.2521883037
0.2475020149
0.2426692774
0.2376657902
0.2324724092
0.2271010081
0.2215472633
0.2157863059
0.2098285931
0.2036897332
0.1973445050
0.1907354400
0.1838037288
0.1765108063
0.1688114349
0.1606241956
0.1519230466
0.1427462730
0.1330859851
0.1229082122
0.1122279397
0.1011151923
0.0896392966
0.0778599852
0.0658357060
0.0536343392
0.0413646567
0.0291339433
0.0169899239
0.0049545601
-0.0069353283
-0.0186567012
-0.0302065334
-0.0415783488
-0.0527595989
-0.0637372276
-0.0745071579
-0.0850693143
-0.0954169471
-0.1055134299
-0.1153035222
-0.1247743250
-0.1339494996
-0.1428684944
-0.1515693777
-0.1600698627
-0.1683957364
-0.1765646477
-0.1845653720
-0.1924034673
-0.2001058371
-0.2077199185
-0.2153557241
-0.2231562246
-0.2312485847
-0.2397360842
-0.2486897667
-0.2581051482
-0.2679420725
-0.2781891547
-0.2888318339
-0.2998264323
-0.3110839789
-0.3224824114
-0.3338659796
-0.3450524969
-0.3558833279
-0.3662127474
-0.3758509070
-0.3845819969
-0.3922471775
-0.3986691032
-0.4036376291
-0.4071252258
-0.4092396292
-0.4100201398
-0.4095278776
-0.4079756450
-0.4057052658
-0.4030852128
-0.4003804442
-0.3977359392
-0.3951818147
-0.3926089526
-0.3897745655
-0.3863620506
-0.3820533373
-0.3766015864
-0.3697692245
-0.3612684973
-0.3509557032
-0.3387676316
-0.3247158466
-0.3089442766
-0.2916204480
-0.2731770686
-0.2540795760
-0.2345930459
-0.2150545393
-0.1958068073
-0.1770833353
-0.1589988810
-0.1415398237
-0.1246588974
-0.1082804455
-0.0922764844
-0.0765018720
-0.0608690778
-0.0454106308
-0.0302008243
-0.0153531128
-0.0010499011
0.0124559609
0.0247413631
0.0352421235
0.0435688918
0.0497160613
0.0540050503
0.0567453321
0.0581868809
0.0587299397
0.0588089963
0.0588499948
0.0592992115
0.0604734336
0.0624170789
0.0649859337
0.0679634749
0.0710860291
0.0741043589
0.0768248554
0.0791190651
0.0809508166
0.0823895597
0.0835793387
0.0846681717
0.0857749280
0.0869745241
0.0882671703
0.0895884801
0.0908562585
0.0919815212
0.0928495373
0.0933096435
0.0932191635
0.0925009079
0.0911475736
0.0891675374
0.0865663896
0.0834043650
0.0797656795
0.0756875774
0.0711809815
0.0662309000
0.0607692846
0.0547421666
0.0481589610
0.0410827430
0.0336619987
0.0260793960
0.0184752592
0.0109539456
0.0035886746
-0.0035723067
-0.0104583605
-0.0169602917
-0.0229918828
-0.0285006604
-0.0334545185
-0.0378590907
-0.0417020832
-0.0449053621
-0.0473215866
-0.0488014807
-0.0493979267
-0.0492838029
-0.0485678337
-0.0473541633
-0.0456690991
-0.0434621267
-0.0407597250
-0.0376553945
-0.0342638795
-0.0306849642
-0.0269852616
-0.0232293704
-0.0194571211
-0.0156914015
-0.0119891833
-0.0084303665
-0.0051018528
-0.0020655826
0.0006483236
0.0030210245
0.0050426297
0.0067315066
0.0081829035
0.0095035022
0.0107535706
0.0119783748
0.0132017837
0.0144307093
0.0156626880
0.0168714450
0.0180109375
0.0190185714
0.0198399290
0.0204547792
0.0208283309
0.0209125362
0.0206857594
0.0201144987
0.0191602902
0.0178380527
0.0161790223
0.0142061934
0.0119595224
0.0094788116
0.0068077439
0.0039857720
0.0010481228
-0.0019535819
-0.0049792528
-0.0080122268
-0.0110249889
-0.0139594395
-0.0167535296
-0.0193718137
-0.0218054403
-0.0240682277
-0.0261708054
-0.0281199977
-0.0299506596
-0.0317003376
-0.0334025870
-0.0351062614
-0.0368628596
-0.0387163397
-0.0406964898
-0.0428165990
-0.0450829892
-0.0474834371
-0.0499646244
-0.0524531509
-0.0548616254
-0.0570566200
-0.0588696353
-0.0601405676
-0.0607718727
-0.0607371001
-0.0600686044
-0.0588539125
-0.0571867443
-0.0551704452
-0.0529285578
-0.0505623034
-0.0481438009
-0.0457235281
-0.0433273575
-0.0409504035
-0.0385612647
-0.0361162855
-0.0335597204
-0.0308210071
-0.0278300427
-0.0245306235
-0.0209117361
-0.0170571889
-0.0130857033
-0.0091040403
-0.0052513311
-0.0016476666
0.0016688710
0.0047127980
0.0075359945
0.0102396532
0.0129254801
0.0156590783
0.0184919598
0.0214772805
0.0246591519
0.0280323419
0.0315375344
0.0351071418
0.0386721439
0.0421492083
0.0454662742
0.0485863235
0.0515145555
0.0543051898
0.0570313657
0.0597597685
0.0625540623
0.0654514167
0.0684492192
0.0714976525
0.0745221816
0.0774342430
0.0801136936
0.0824455967
0.0843796366
0.0858713722
0.0868562307
0.0873432098
0.0873814804
0.0870129803
0.0863196095
0.0853984988
0.0843078862
0.0830499147
0.0815834924
0.0798539993
0.0777925501
0.0753169306
0.0723584784
0.0688415944
0.0646868955
0.0599190587
0.0546448168
0.0490021610
0.0431456293
0.0372075387
0.0313284070
0.0256556546
0.0203020424
0.0152991652
0.0106234138
0.0062582745
0.0021611494
-0.0017157729
-0.0053879984
-0.0088511103
-0.0120709143
-0.0150021237
-0.0175895270
-0.0197680997
-0.0215201386
-0.0228599509
-0.0238033874
-0.0244326471
-0.0248533121
-0.0251172166
-0.0252743218
-0.0253816173
-0.0254524285
-0.0254719088
-0.0254405986
-0.0253646691
-0.0252405863
-0.0250507736
-0.0247704785
-0.0243920423
-0.0239244744
-0.0233967711
-0.0228597626
-0.0223634987
-0.0219423060
-0.0216395550
-0.0214897455
-0.0214982033
-0.0216754935
-0.0220147708
-0.0224916133
-0.0230805205
-0.0237411081
-0.0244275767
-0.0250967471
-0.0257111867
-0.0262444539
-0.0266816734
-0.0270074436
-0.0272153361
-0.0273340106
-0.0274040681
-0.0274328260
-0.0274148742
-0.0273468722
-0.0272253334
-0.0270434342
-0.0267927480
-0.0264740139
-0.0260789062
-0.0255923225
-0.0250156381
-0.0243373142
-0.0235296253
-0.0225787060
-0.0214787270
-0.0202300075
-0.0188138461
-0.0171953810
-0.0153643831
-0.0133227660
-0.0110558648
-0.0085600720
-0.0058592110
-0.0029663225
0.0001074478
0.0033204947
0.0066319947
0.0100160162
0.0134401687
0.0168722863
0.0202929529
0.0236898499
0.0270634471
0.0304319990
0.0338098163
0.0371881084
0.0405501871
0.0438828296
0.0471671402
0.0503926002
0.0535613662
0.0566532097
0.0596256228
0.0624543774
0.0651321455
0.0676595694
0.0700602518
0.0723644396
0.0745958414
0.0767899214
0.0789937738
0.0812543465
0.0836108862
0.0860856974
0.0886807823
0.0913929322
0.0942227493
0.0971423116
0.1000900527
0.1030014083
0.1058248238
0.1085230703
0.1110638838
0.1134159626
0.1155494483
0.1174347621
0.1190434934
0.1203571847
0.1213770693
0.1221153336
0.1225679687
0.1227270192
0.1226015681
0.1221939497
0.1215023576
0.1205140425
0.1191990690
0.1175303236
0.1154659035
0.1129661608
0.1100146629
0.1065935419
0.1027121511
0.0984404572
0.0938749432
0.0891103091
0.0842206488
0.0792641634
0.0743010603
0.0693899650
0.0645869626
0.0599278742
0.0554268772
0.0510916977
0.0469286217
0.0429612665
0.0392142445
0.0356989343
0.0324463774
0.0295061404
0.0269263768
0.0247193008
0.0228284689
0.0211744126
0.0196935053
0.0183256680
0.0170190049
0.0157198158
0.0143649066
0.0128986241
0.0112876864
0.0094980356
0.0074897445
0.0052352420
0.0026901632
-0.0001833683
-0.0033732214
-0.0068482450
-0.0105917247
-0.0145667841
-0.0187061485
-0.0229567125
-0.0272838514
-0.0316417535
-0.0359720935
-0.0402337421
-0.0443878891
-0.0483852765
-0.0521559425
-0.0556207431
-0.0587383780
-0.0614811753
-0.0638268653
-0.0657535643
-0.0672469065
-0.0683561435
-0.0691468460
-0.0696623040
-0.0699906472
-0.0702376680
-0.0704615829
-0.0706829609
-0.0709084141
-0.0711395011
-0.0713559279
-0.0715273146
-0.0716415686
-0.0717006445
-0.0716941093
-0.0716252578
-0.0715399042
-0.0714879121
-0.0715139231
-0.0716548554
-0.0719305706
-0.0723416038
-0.0728802019
-0.0735221989
-0.0742251834
-0.0749479854
-0.0756498616
-0.0762866765
-0.0768087837
-0.0771637340
-0.0773085087
-0.0772301470
-0.0769726712
-0.0765955657
-0.0761148429
-0.0755125745
-0.0747474762
-0.0737903891
-0.0726377620
-0.0712973655
-0.0697858200
-0.0680908777
-0.0661775597
-0.0640549433
-0.0617658315
-0.0593579933
-0.0568846445
-0.0544092220
-0.0519975170
-0.0496903057
-0.0475017008
-0.0454208438
-0.0434306611
-0.0415256536
-0.0396898860
-0.0378877323
-0.0360840690
-0.0342503707
-0.0323590355
-0.0304095470
-0.0284342617
-0.0264585131
-0.0244908588
-0.0225437457
-0.0206314265
-0.0187468666
-0.0168636593
-0.0149584208
-0.0130134067
-0.0110232588
-0.0089944817
-0.0069390571
-0.0048740504
-0.0028148981
-0.0007858186
0.0011752372
0.0030409989
0.0047854366
0.0063737722
0.0077908378
0.0090333379
0.0101036757
0.0110121500
0.0117542738
0.0123261322
0.0127323555
0.0129701737
0.0130483717
0.0129866362
0.0127955414
0.0124847533
0.0120727529
0.0115787378
0.0110254032
0.0104417983
0.0098589832
0.0093050589
0.0087897499
0.0083153925
0.0078962529
0.0075564241
0.0073117217
0.0071573694
0.0070743564
0.0070320416
0.0070023363
0.0069736474
0.0069371876
0.0068722852
0.0067577217
0.0065814584
0.0063410805
0.0060608112
0.0057842432
0.0055408717
0.0053410601
0.0051899709
0.0050989109
0.0050656105
0.0050719584
0.0051119038
0.0051806523
0.0052799364
0.0054199686
0.0055929381
0.0057956098
0.0060424551
0.0063572041
0.0067722372
0.0073040599
0.0079711432
0.0087942641
0.0097674386
0.0108870597
0.0121718505
0.0136271614
0.0152243048
0.0169285953
0.0187237377
0.0206023671
0.0225449497
0.0245292433
0.0265471352
0.0285938293
0.0306750611
0.0328053737
0.0349600830
0.0370871632
0.0391306781
0.0410300865
0.0427292110
0.0441973410
0.0454050629
0.0463123046
0.0469067911
0.0471684409
0.0470809752
0.0467159334
0.0461858326
0.0455613409
0.0448815828
0.0441687220
0.0434135360
0.0425786688
0.0416435404
0.0406053120
0.0394567551
0.0382009365
0.0368755619
0.0355190915
0.0341732147
0.0328943181
0.0317071162
0.0306188944
0.0296381008
0.0287530154
0.0279086991
0.0270555941
0.0261718645
0.0252263063
0.0242001837
0.0230915977
0.0219011657
0.0206412754
0.0193329775
0.0179894085
0.0166248934
0.0152490485
0.0138429540
0.0123770764
0.0108437160
0.0092557051
0.0076105892
0.0059016595
0.0041369211
0.0023116658
0.0004210908
-0.0015196884
-0.0035047073
-0.0055347034
-0.0076099043
-0.0097312896
-0.0118994459
-0.0141136344
-0.0163711538
-0.0186674114
-0.0209976192
-0.0233596411
-0.0257397979
-0.0281242361
-0.0305034776
-0.0328609376
-0.0351774809
-0.0374509969
-0.0396861103
-0.0418850609
-0.0440446311
-0.0461539332
-0.0482166817
-0.0502535884
-0.0522800885
-0.0542892772
-0.0562668415
-0.0582138861
-0.0601326118
-0.0619995135
-0.0637841969
-0.0654672831
-0.0670259914
-0.0684309339
-0.0696432229
-0.0706279983
-0.0713761328
-0.0719070083
-0.0722688001
-0.0725003106
-0.0726125482
-0.0726246994
-0.0725697799
-0.0724733956
-0.0723648840
-0.0722809650
-0.0722332020
-0.0722157065
-0.0722305924
-0.0722799850
-0.0723628791
-0.0724702930
-0.0725901221
-0.0727288770
-0.0729036316
-0.0731162571
-0.0733606473
-0.0736412499
-0.0739654210
-0.0743362880
-0.0747360591
-0.0751169665
-0.0754215234
-0.0756063547
-0.0756601474
-0.0755848130
-0.0753745957
-0.0750194167
-0.0745154078
-0.0738763589
-0.0731114441
-0.0722182284
-0.0712046256
-0.0700748286
-0.0688227463
-0.0674393195
-0.0659039529
-0.0642032965
-0.0623289522
-0.0602534262
-0.0579654838
-0.0554897542
-0.0528506152
-0.0500623898
-0.0471353208
-0.0440811932
-0.0409318073
-0.0377329550
-0.0345295194
-0.0313643142
-0.0282775697
-0.0252936833
-0.0224105185
-0.0196147587
-0.0168939259
-0.0142372270
-0.0116265858
-0.0090443506
-0.0064942498
-0.0039818471
-0.0014992919
0.0009525297
0.0033704778
0.0057647317
0.0081387070
0.0104947194
0.0128550616
0.0152412856
0.0176596840
0.0201260756
0.0226561313
0.0252302718
0.0278119870
0.0303784355
0.0329135143
0.0354023408
0.0378335605
0.0401927356
0.0424758909
0.0446918704
0.0468386616
0.0489065297
0.0508870234
0.0527534263
0.0544821783
0.0560795908
0.0575569304
0.0589200155
0.0601629168
0.0612788540
0.0622772386
0.0631669834
0.0639623175
0.0646876652
0.0653548106
0.0659774383
0.0665714911
0.0671273124
0.0676307452
0.0680866551
0.0685098919
0.0689227389
0.0693453999
0.0697902847
0.0702672722
0.0707782998
0.0713246175
0.0719101620
0.0725352713
0.0732052725
0.0739313244
0.0747258534
0.0755840345
0.0764840318
0.0774152491
0.0783724892
0.0793594531
0.0803824739
0.0814241799
0.0824673945
0.0835098966
0.0845443520
0.0855545570
0.0865240789
0.0874429188
0.0882889274
0.0890315195
0.0896459742
0.0901113845
0.0904283038
0.0906026081
0.0906149445
0.0904486526
0.0901089967
0.0896045296
0.0889378989
0.0881106074
0.0871488826
0.0860708751
0.0848677095
0.0835451780
0.0821037038
0.0805309588
0.0788294180
0.0770034129
0.0750699413
0.0730508999
0.0709441789
0.0687376605
0.0664138580
0.0639585483
0.0613793793
0.0586821034
0.0558638475
0.0529586044
0.0500086102
0.0470211857
0.0440090810
0.0409903533
0.0379662415
0.0349438837
0.0319427374
0.0289858213
0.0260822123
0.0232455923
0.0204892996
0.0178065441
0.0151937603
0.0126422851
0.0101600742
0.0077665441
0.0054607673
0.0032427828
0.0011224904
-0.0008806217
-0.0027507562
-0.0045109754
-0.0061968903
-0.0078218989
-0.0093979210
-0.0109266901
-0.0124054971
-0.0138337716
-0.0152132763
-0.0165525497
-0.0178692303
-0.0191828303
-0.0204960476
-0.0218065361
-0.0231149914
-0.0244241559
-0.0257364171
-0.0270496482
-0.0283538334
-0.0296320997
-0.0308731380
-0.0320926131
-0.0333143272
-0.0345410040
-0.0357618546
-0.0369583379
-0.0381112058
-0.0392182828
-0.0402824904
-0.0413034883
-0.0422803339
-0.0432145089
-0.0441109654
-0.0449762620
-0.0458171958
-0.0466274809
-0.0474060589
-0.0481544038
-0.0488542079
-0.0494898874
-0.0500652598
-0.0505763101
-0.0510115577
-0.0513797203
-0.0517001854
-0.0519717525
-0.0521715189
-0.0522729993
-0.0522703806
-0.0521822211
-0.0520128367
-0.0517386858
-0.0513262719
-0.0507550776
-0.0500338087
-0.0491816620
-0.0482117773
-0.0471411907
-0.0459807674
-0.0447306140
-0.0433920215
-0.0419653761
-0.0404492213
-0.0388433497
-0.0371445969
-0.0353514967
-0.0334781079
-0.0315559834
-0.0296202611
-0.0276845132
-0.0257436668
-0.0237948042
-0.0218416497
-0.0198957375
-0.0179753206
-0.0160939052
-0.0142410110
-0.0124104772
-0.0106156314
-0.0088490739
-0.0071062752
-0.0054020588
-0.0037297863
-0.0020836564
-0.0004726021
0.0011212025
0.0027168080
0.0043053919
0.0058704829
0.0074005180
0.0089026901
0.0103779805
0.0117995952
0.0131488528
0.0144202762
0.0155931743
0.0166612470
0.0176386734
0.0185202705
0.0192872252
0.0199280582
0.0204588037
0.0209036268
0.0212651396
0.0215376126
0.0217189801
0.0218091066
0.0218072245
0.0217111266
0.0215193012
0.0212378855
0.0208885454
0.0205059068
0.0201154757
0.0197206550
0.0193183105
0.0189132363
0.0185197381
0.0181549969
0.0178213580
0.0174915631
0.0171232848
0.0166917534
0.0161963267
0.0156292963
0.0149691686
0.0142235526
0.0134267945
0.0125940340
0.0117214525
0.0107978860
0.0098118841
0.0087516219
0.0076156162
0.0064208486
0.0051716458
0.0038454881
0.0024234329
0.0009113127
-0.0006737066
-0.0023111685
-0.0039949411
-0.0057518736
-0.0076154254
-0.0095949508
-0.0116689934
-0.0137775833
-0.0158800680
-0.0179817687
-0.0200891098
-0.0222024068
-0.0243197469
-0.0264385147
-0.0285569613
-0.0306742184
-0.0327901768
-0.0349053602
-0.0370212208
-0.0391398235
-0.0412618490
-0.0433822907
-0.0454857771
-0.0475498812
-0.0495583831
-0.0514870813
-0.0533075146
-0.0550171722
-0.0566146061
-0.0580722907
-0.0593612948
-0.0604704629
-0.0613913736
-0.0621092700
-0.0626166572
-0.0629370846
-0.0631129582
-0.0631621731
-0.0630798546
-0.0628533052
-0.0624677731
-0.0619310217
-0.0612620011
-0.0604679581
-0.0595532667
-0.0585187133
-0.0573761060
-0.0561595882
-0.0548859807
-0.0535482039
-0.0521527555
-0.0507114066
-0.0492210883
-0.0476861155
-0.0461193184
-0.0445353650
-0.0429374072
-0.0413076973
-0.0396399574
-0.0379554285
-0.0362735942
-0.0345949436
-0.0329168112
-0.0312349992
-0.0295417868
-0.0278286821
-0.0260967642
-0.0243682246
-0.0226434474
-0.0208926298
-0.0191230257
-0.0173557302
-0.0155831685
-0.0137869057
-0.0119535824
-0.0100931205
-0.0082110022
-0.0062937560
-0.0043506797
-0.0024038286
-0.0004650216
0.0014504307
0.0033240270
0.0051531691
0.0069405145
0.0086863984
0.0103882874
0.0120385811
0.0136231486
0.0151253143
0.0165407471
0.0178685305
0.0191073611
0.0202545746
0.0213052156
0.0222543791
0.0231018661
0.0238593025
0.0245401136
0.0251511651
0.0257009507
0.0261889641
0.0266095963
0.0269730180
0.0272930006
0.0275792096
0.0278490690
0.0281167322
0.0283882309
0.0286750486
0.0289904145
0.0293436348
0.0297480445
0.0302164837
0.0307402824
0.0313012547
0.0318912393
0.0325052329
0.0331484803
0.0338272149
0.0345235766
0.0352211972
0.0359208975
0.0366207264
0.0373101922
0.0379734700
0.0386018684
0.0392040402
0.0397816772
0.0403258842
0.0408431194
0.0413318183
0.0417772075
0.0421814282
0.0425499837
0.0428948646
0.0432237574
0.0435232282
0.0437949834
0.0440527838
0.0442889895
0.0444790371
0.0446136470
0.0446849374
0.0446928206
0.0446599890
0.0445929192
0.0444958412
0.0443708348
0.0442091992
0.0440305722
0.0438556090
0.0436746060
0.0434682241
0.0432233706
0.0429526062
0.0426788450
0.0424131671
0.0421696223
0.0419673319
0.0418115347
0.0417022422
0.0416391223
0.0416153395
0.0416140535
0.0416162225
0.0416194922
0.0416270621
0.0416404896
0.0416598857
0.0416820381
0.0416992858
0.0416993120
0.0416701512
0.0416123716
0.0415266617
0.0413927461
0.0411947060
0.0409397139
0.0406304757
0.0402623268
0.0398409335
0.0393664482
0.0388271542
0.0382167313
0.0375305735
0.0367657752
0.0359331061
0.0350397978
0.0340921589
0.0330988829
0.0320547262
0.0309524237
0.0297916164
0.0285869546
0.0273521962
0.0260723958
0.0247317650
0.0233459576
0.0219365895
0.0204999899
0.0190297941
0.0175448295
0.0160607713
0.0145732213
0.0130778518
0.0115786586
0.0100934783
0.0086543977
0.0072907340
0.0060027727
0.0047692089
0.0035817403
0.0024623311
0.0014356179
0.0005014812
-0.0003561097
-0.0011629130
-0.0019435395
-0.0027151483
-0.0034845755
-0.0042497718
-0.0050106452
-0.0057698549
-0.0065305249
-0.0072933500
-0.0080524296
-0.0087908080
-0.0094852381
-0.0101250645
-0.0107046385
-0.0112258435
-0.0117105590
-0.0121672510
-0.0125864544
-0.0129584691
-0.0132695886
-0.0135236966
-0.0137485318
-0.0139521482
-0.0141152151
-0.0142291993
-0.0143010798
-0.0143449606
-0.0143793158
-0.0144121919
-0.0144478599
-0.0145002652
-0.0145885172
-0.0147200449
-0.0148942230
-0.0151146225
-0.0153908091
-0.0157336139
-0.0161448307
-0.0166303067
-0.0171923016
-0.0178186712
-0.0185038062
-0.0192385052
-0.0200118465
-0.0208329932
-0.0217122946
-0.0226444286
-0.0236195501
-0.0246327424
-0.0256801673
-0.0267630251
-0.0278848795
-0.0290451643
-0.0302372517
-0.0314431581
-0.0326511486
-0.0338589885
-0.0350565687
-0.0362254429
-0.0373523931
-0.0384420551
-0.0394986129
-0.0405150292
-0.0414655739
-0.0423200153
-0.0430896591
-0.0437837662
-0.0443663941
-0.0448050410
-0.0450733790
-0.0451483038
-0.0450432655
-0.0447614201
-0.0443024793
-0.0436698698
-0.0428504088
-0.0418729149
-0.0407713992
-0.0395615018
-0.0382506878
-0.0368207782
-0.0352579964
-0.0335756423
-0.0317831753
-0.0298699155
-0.0278460537
-0.0257360410
-0.0235569852
-0.0213242181
-0.0190437038
-0.0167289636
-0.0144100652
-0.0121231363
-0.0099171096
-0.0078292278
-0.0058635649
-0.0040293766
-0.0023569153
-0.0008489972
0.0004986467
0.0016752187
0.0026892295
0.0035614234
0.0043041395
0.0049352691
0.0054803288
0.0059533783
0.0063679876
0.0067387056
0.0070831252
0.0074213805
0.0077563069
0.0080718743
0.0083460210
0.0085660879
0.0087255022
0.0088202128
0.0088613724
0.0088623265
0.0088364297
0.0088021911
0.0087673038
0.0087309803
0.0086936272
0.0086565250
0.0086196080
0.0085773277
0.0085163994
0.0084234211
0.0083029292
0.0081746231
0.0080474554
0.0079184623
0.0077874225
0.0076604583
0.0075482488
0.0074575154
0.0073757789
0.0072778525
0.0071564218
0.0070118025
0.0068239169
0.0065726184
0.0062615583
0.0058968284
0.0054709934
0.0049847130
0.0044416861
0.0038363406
0.0031760078
0.0024731603
0.0017235871
0.0009185078
0.0000496551
-0.0008796208
-0.0018619546
-0.0029079816
-0.0040154879
-0.0051649271
-0.0063490219
-0.0075619723
-0.0088040665
-0.0100815932
-0.0113775458
-0.0126755231
-0.0139763078
-0.0152767751
-0.0165642674
-0.0178215202
-0.0190428369
-0.0202477906
-0.0214545398
-0.0226630399
-0.0238723145
-0.0250832036
-0.0262939498
-0.0274958672
-0.0286716230
-0.0298047356
-0.0308983006
-0.0319531709
-0.0329572533
-0.0338830902
-0.0346965330
-0.0353858800
-0.0359555606
-0.0363892550
-0.0366434875
-0.0367075481
-0.0365745009
-0.0362414428
-0.0357277556
-0.0350401841
-0.0341923952
-0.0332072356
-0.0321001925
-0.0308987231
-0.0296270006
-0.0282701373
-0.0268290457
-0.0253047157
-0.0236854562
-0.0219854519
-0.0202236182
-0.0184144937
-0.0165648098
-0.0146936137
-0.0128322723
-0.0110122260
-0.0092669350
-0.0076069048
-0.0060185776
-0.0044870984
-0.0030113449
-0.0016110682
-0.0002961792
0.0009487046
0.0021363664
0.0032602243
0.0043026021
0.0052553259
0.0061180491
0.0068867977
0.0075539514
0.0081140798
0.0085769423
0.0089688082
0.0092969332
0.0095608760
0.0097777059
0.0099591416
0.0101224533
0.0102830202
0.0104414841
0.0106042401
0.0107889791
0.0110182507
0.0113136093
0.0117097722
0.0122343059
0.0128799418
0.0136404657
0.0145112592
0.0154570551
0.0164470726
0.0174849042
0.0185727262
0.0197004951
0.0208488977
0.0220001978
0.0231496191
0.0242882503
0.0254023933
0.0264841667
0.0275379111
0.0285539903
0.0295081454
0.0304025405
0.0312537381
0.0320581207
0.0328056030
0.0334893378
0.0341151297
0.0347004447
0.0352416726
0.0357235112
0.0361257416
0.0364366362
0.0366692714
0.0368427335
0.0369669030
0.0370324185
0.0370314448
0.0369580472
0.0367830220
0.0364929154
0.0361153867
0.0356627630
0.0351121627
0.0344545664
0.0336979762
0.0328574505
0.0319424864
0.0309492238
0.0298840386
0.0287447045
0.0275243724
0.0262274562
0.0248509627
0.0233956940
0.0218866164
0.0203513486
0.0188070498
0.0172567483
0.0156847525
0.0140758789
0.0124345475
0.0107807399
0.0091255789
0.0074741773
0.0058438462
0.0042624060
0.0027480436
0.0013048470
-0.0000507293
-0.0012986594
-0.0024275836
-0.0034099720
-0.0042160559
-0.0048406433
-0.0052960120
-0.0055993572
-0.0057505687
-0.0057439252
-0.0055924422
-0.0053061759
-0.0049008440
-0.0044042866
-0.0038427678
-0.0032462963
-0.0026327169
-0.0020077437
-0.0013916949
-0.0008085375
-0.0002708957
0.0002232335
0.0006734147
0.0010749650
0.0014210854
0.0017065065
0.0019305829
0.0020570884
0.0020515978
0.0019315908
0.0017204305
0.0014262573
0.0010723545
0.0006960905
0.0003208666
-0.0000439267
-0.0003839743
-0.0006929219
-0.0009867992
-0.0012775965
-0.0015606738
-0.0018387133
-0.0021241362
-0.0024176466
-0.0027135172
-0.0030138822
-0.0033154194
-0.0036005373
-0.0038389672
-0.0040070029
-0.0041137636
-0.0041818282
-0.0042228555
-0.0042508012
-0.0042761023
-0.0043033002
-0.0043449042
-0.0044159103
-0.0045153240
-0.0046236506
-0.0047294370
-0.0048362904
-0.0049478226
-0.0050627729
-0.0051727205
-0.0052621572
-0.0053176754
-0.0053465887
-0.0053694728
-0.0053945495
-0.0054202949
-0.0054462315
-0.0054725878
-0.0054968121
-0.0055101673
-0.0054985056
-0.0054515703
-0.0053654226
-0.0052326432
-0.0050519425
-0.0048313611
-0.0045888271
-0.0043436044
-0.0040981988
-0.0038499086
-0.0035985036
-0.0033457582
-0.0030945364
-0.0028465050
-0.0025989203
-0.0023417083
-0.0020586746
-0.0017397255
-0.0014012161
-0.0010591506
-0.0007095327
-0.0003595955
-0.0000436200
0.0001824947
0.0002769104
0.0002354647
0.0000765085
-0.0001753037
-0.0005116379
-0.0009374622
-0.0014418331
-0.0020234453
-0.0026855156
-0.0034066801
-0.0041700455
-0.0049822254
-0.0058558176
-0.0068004880
-0.0078101136
-0.0088605906
-0.0099386844
-0.0110422326
-0.0121835540
-0.0133784761
-0.0146229393
-0.0158976417
-0.0171696577
-0.0184059057
-0.0195894246
-0.0207106129
-0.0217591382
-0.0227339724
-0.0236361445
-0.0244452087
-0.0251432702
-0.0257297935
-0.0261930461
-0.0265126933
-0.0266660884
-0.0266323517
-0.0264183014
-0.0260490853
-0.0255366869
-0.0248649625
-0.0240165116
-0.0230033354
-0.0218507163
-0.0205732280
-0.0191847951
-0.0176962850
-0.0160970235
-0.0143733608
-0.0125364264
-0.0106329303
-0.0086954252
-0.0067392430
-0.0047793191
-0.0028120547
-0.0008359449
0.0011392534
0.0030900538
0.0049839196
0.0067983895
0.0085093721
0.0100926636
0.0115189121
0.0127389768
0.0137210870
0.0144360869
0.0148448209
0.0149098618
0.0145675841
0.0137721849
0.0125705361
0.0110458556
0.0092623251
0.0072649306
0.0050880018
0.0027831877
0.0003895869
-0.0020780802
-0.0045948721
-0.0071307409
-0.0096755828
-0.0122268773
-0.0147645156
-0.0172452628
-0.0196187625
-0.0218513387
-0.0239132306
-0.0257536481
-0.0273185059
-0.0285532522
-0.0293961099
-0.0298310437
-0.0298939352
-0.0296181182
-0.0290358014
-0.0281934510
-0.0271497392
-0.0259700570
-0.0247075811
-0.0234005934
-0.0220770035
-0.0207555638
-0.0194574851
-0.0182051743
-0.0170111210
-0.0158750617
-0.0147945644
-0.0137761593
-0.0128278365
-0.0119604976
-0.0111716088
-0.0104607475
-0.0098431609
-0.0093134863
-0.0088643045
-0.0084918013
-0.0081753057
-0.0078901600
-0.0076185199
-0.0073524446
-0.0070927245
-0.0068374496
-0.0065760614
-0.0062909710
-0.0059695065
-0.0056248578
-0.0052790705
-0.0049375238
-0.0045988091
-0.0042594063
-0.0039099660
-0.0035344768
-0.0031199612
-0.0026756126
-0.0022060809
-0.0016998960
-0.0011734625
-0.0006479806
-0.0001225396
0.0004046069
0.0009321372
0.0014584358
0.0019847008
0.0025187608
0.0030758751
0.0036699653
0.0042968953
0.0049626032
0.0056924654
0.0064846346
0.0073172407
0.0081814836
0.0090725493
0.0099957877
0.0109675773
0.0119843162
0.0130352404
0.0141114389
0.0152133086
0.0163514370
0.0175207292
0.0187212542
0.0199598339
0.0212177078
0.0224716538
0.0237094571
0.0249171034
0.0260922036
0.0272555792
0.0284240099
0.0295957407
0.0307654701
0.0319251791
0.0330630215
0.0341693121
0.0352393404
0.0362602429
0.0372076750
0.0380640675
0.0388152549
0.0394369314
0.0399067623
0.0402148583
0.0403423684
0.0402590319
0.0399549066
0.0394352596
0.0387032059
0.0377582356
0.0366171951
0.0353331936
0.0339564905
0.0325061511
0.0309873241
0.0294097223
0.0278041144
0.0262190724
0.0246856058
0.0232164687
0.0218260292
0.0205207422
0.0192987178
0.0181605397
0.0171144670
0.0161796224
0.0153789527
0.0147177286
0.0141809226
0.0137407320
0.0133675671
0.0130573467
0.0128120324
0.0126042875
0.0124023155
0.0121989466
0.0120038428
0.0118330457
0.0117001562
0.0115976729
0.0115033690
0.0114035855
0.0112872408
0.0111367689
0.0109391472
0.0106806433
0.0103416439
0.0099126651
0.0093930030
0.0087836645
0.0080909286
0.0073277545
0.0065073707
0.0056280837
0.0046819708
0.0036744950
0.0026066259
0.0014740359
0.0002889581
-0.0009360723
-0.0021962844
-0.0034885896
-0.0048139045
-0.0061520860
-0.0074624599
-0.0087228596
-0.0099223844
-0.0110440260
-0.0120777637
-0.0130180743
-0.0138580305
-0.0145984778
-0.0152526290
-0.0158460649
-0.0164134141
-0.0169746604
-0.0175283090
-0.0180736718
-0.0186230919
-0.0192025420
-0.0198390798
-0.0205312392
-0.0212517350
-0.0219943957
-0.0227804203
-0.0236178721
-0.0244998109
-0.0254075175
-0.0263135555
-0.0271976726
-0.0280410541
-0.0288353437
-0.0295724101
-0.0302435391
-0.0308500490
-0.0313805129
-0.0318288381
-0.0321821682
-0.0324121371
-0.0325271853
-0.0325519390
-0.0324917467
-0.0323436465
-0.0321028244
-0.0317604337
-0.0313044952
-0.0307312215
-0.0300616906
-0.0293115073
-0.0284563874
-0.0274864105
-0.0264255206
-0.0252952805
-0.0241138820
-0.0228903388
-0.0216384119
-0.0203796070
-0.0191262524
-0.0178920672
-0.0166901470
-0.0155152665
-0.0143635972
-0.0132512818
-0.0121843355
-0.0111618905
-0.0101847547
-0.0092534431
-0.0083662053
-0.0075178089
-0.0067009458
-0.0059125785
-0.0051611854
-0.0044348828
-0.0037119342
-0.0029879508
-0.0022647633
-0.0015431761
-0.0008232616
-0.0001047378
0.0006130179
0.0013313016
0.0020520595
0.0027765101
0.0035020820
0.0042192007
0.0049118491
0.0055686915
0.0062033299
0.0068369806
0.0074731974
0.0081092540
0.0087439007
0.0093769992
0.0100089185
0.0106399472
0.0112705198
0.0119017141
0.0125353992
0.0131728022
0.0138113024
0.0144410335
0.0150454446
0.0156128090
0.0161572061
0.0167005657
0.0172465034
0.0177921608
0.0183363070
0.0188789927
0.0194208415
0.0199621812
0.0205029630
0.0210432633
0.0215841529
0.0221277230
0.0226752401
0.0232229731
0.0237577007
0.0242575629
0.0247047049
0.0250969029
0.0254418577
0.0257315963
0.0259468188
0.0260730268
0.0260893155
0.0259715059
0.0257116084
0.0253211116
0.0248203293
0.0242309876
0.0235711092
0.0228560987
0.0220905475
0.0212739391
0.0204131998
0.0195239809
0.0186243342
0.0177202247
0.0168143122
0.0159241685
0.0150843579
0.0143301352
0.0136880378
0.0131828526
0.0128237589
0.0125933705
0.0124615691
0.0123953726
0.0123661456
0.0123660306
0.0124100033
0.0125057538
0.0126458100
0.0128191181
0.0130183659
0.0132479514
0.0135039208
0.0137740085
0.0140640494
0.0143881865
0.0147401211
0.0151001771
0.0154610915
0.0158239070
0.0161842428
0.0165299635
0.0168469455
0.0171335997
0.0173997108
0.0176395351
0.0178320476
0.0179526549
0.0179647119
0.0178394664
0.0175635042
0.0171178385
0.0164935226
0.0157060419
0.0147864072
0.0137680647
0.0126723587
0.0115153629
0.0103125148
0.0090752753
0.0078170486
0.0065410284
0.0052414863
0.0039315849
0.0026373958
0.0013646369
0.0001097580
-0.0011088586
-0.0022669850
-0.0033641781
-0.0044062210
-0.0053741644
-0.0062526345
-0.0070514859
-0.0077873489
-0.0084688263
-0.0090898157
-0.0096570364
-0.0101933442
-0.0106998164
-0.0111702226
-0.0116235254
-0.0120774740
-0.0125304150
-0.0129790151
-0.0134233758
-0.0138689453
-0.0143281890
-0.0148162894
-0.0153369550
-0.0158730118
-0.0164170551
-0.0169862495
-0.0175924867
-0.0182274379
-0.0188893291
-0.0195870515
-0.0203008499
-0.0210082179
-0.0217143354
-0.0224351840
-0.0231905959
-0.0239882291
-0.0247970963
-0.0255752506
-0.0263058300
-0.0269959387
-0.0276495826
-0.0282581597
-0.0287996768
-0.0292453948
-0.0295774692
-0.0297755279
-0.0298302709
-0.0297276945
-0.0294543154
-0.0290215970
-0.0284390867
-0.0276994983
-0.0268164596
-0.0258177946
-0.0247156409
-0.0235403298
-0.0223161265
-0.0210442407
-0.0197210149
-0.0183454498
-0.0169243099
-0.0154769813
-0.0140319026
-0.0126100070
-0.0112290089
-0.0098930476
-0.0086030978
-0.0073627616
-0.0061740059
-0.0050527368
-0.0040189219
-0.0030716435
-0.0022028872
-0.0014282625
-0.0007479052
-0.0001422842
0.0003820579
0.0008281384
0.0012081547
0.0015254296
0.0017956783
0.0020230766
0.0022013361
0.0023198459
0.0023690270
0.0023623820
0.0023174942
0.0022489087
0.0021727780
0.0020924333
0.0020020313
0.0019008406
0.0017993344
0.0017063018
0.0016218094
0.0015538409
0.0015173869
0.0015140863
0.0015389459
0.0015966118
0.0016796683
0.0017665671
0.0018499994
0.0019384635
0.0020461652
0.0021852235
0.0023493033
0.0025088482
0.0026373199
0.0027395962
0.0028331040
0.0029123325
0.0029562235
0.0029561110
0.0029128436
0.0028242321
0.0026893196
0.0025104918
0.0022906675
0.0020369627
0.0017692624
0.0015066287
0.0012617077
0.0010472126
0.0008601489
0.0006796343
0.0004968235
0.0003252279
0.0001856964
0.0000946065
0.0000641862
0.0001137073
0.0002556707
0.0004843062
0.0007846991
0.0011380376
0.0015348731
0.0019792659
0.0024747219
0.0030208331
0.0036114355
0.0042321910
0.0048643077
0.0054981324
0.0061360706
0.0067753560
0.0074024704
0.0079966991
0.0085437134
0.0090401667
0.0094815045
0.0098673847
0.0101962358
0.0104424090
0.0105846492
0.0106320795
0.0106084991
0.0105455634
0.0104709121
0.0103930781
0.0103135987
0.0102443428
0.0102045582
0.0102056164
0.0102472859
0.0103337960
0.0104796178
0.0107059378
0.0110251552
0.0114325382
0.0119157681
0.0124566765
0.0130401651
0.0136559815
0.0142873178
0.0149213295
0.0155535532
0.0161741951
0.0167703862
0.0173378998
0.0178749262
0.0183544832
0.0187375632
0.0190056216
0.0191580811
0.0192104633
0.0191805534
0.0190782924
0.0189145715
0.0186911310
0.0184003861
0.0180486375
0.0176488274
0.0172026761
0.0167149451
0.0161988940
0.0156692128
0.0151244632
0.0145443902
0.0139171041
0.0132451998
0.0125300473
0.0117693078
0.0109606460
0.0101064085
0.0092188158
0.0083206659
0.0074351891
0.0065801829
0.0057707342
0.0050190357
0.0043429790
0.0037538317
0.0032500319
0.0028316998
0.0025057985
0.0022869213
0.0021902202
0.0022146227
0.0023414099
0.0025593989
0.0028681135
0.0032583662
0.0037073002
0.0041861857
0.0046661928
0.0051233474
0.0055526183
0.0059545368
0.0063325031
0.0067056189
0.0070799075
0.0074355894
0.0077438045
0.0079863499
0.0081688170
0.0082980301
0.0083659226
0.0083716660
0.0083183158
0.0082028603
0.0080420579
0.0078660092
0.0076888207
0.0075190620
0.0073762752
0.0072806875
0.0072348838
0.0072188720
0.0072076568
0.0071980471
0.0072085381
0.0072574786
0.0073421010
0.0074346207
0.0075085498
0.0075508393
0.0075612338
0.0075490063
0.0075089606
0.0074274827
0.0073009091
0.0071240148
0.0068878430
0.0065866465
0.0062296653
0.0058331789
0.0054020132
0.0049385880
0.0044426526
0.0039250991
0.0034200657
0.0029469406
0.0024923825
0.0020383735
0.0015844543
0.0011447909
0.0007346583
0.0003564073
0.0000022505
-0.0003199458
-0.0005920851
-0.0008056411
-0.0009568297
-0.0010541347
-0.0011084356
-0.0011131552
-0.0010579868
-0.0009411926
-0.0007798863
-0.0005942646
-0.0003769860
-0.0001128158
0.0002001293
0.0005614534
0.0009678946
0.0014067645
0.0018551818
0.0022903919
0.0026954791
0.0030562090
0.0033604962
0.0035887320
0.0037262323
0.0037712958
0.0037235547
0.0035833638
0.0033441845
0.0029867997
0.0025101197
0.0019459647
0.0013224177
0.0006426048
-0.0000991913
-0.0008909467
-0.0017138150
-0.0025695269
-0.0034580872
-0.0043595829
-0.0052604200
-0.0061615488
-0.0070645552
-0.0079696581
-0.0088764078
-0.0097835845
-0.0106894323
-0.0115924750
-0.0124936813
-0.0133992644
-0.0143217325
-0.0152741793
-0.0162553424
-0.0172506661
-0.0182607881
-0.0193020592
-0.0203748014
-0.0214586669
-0.0225401637
-0.0236205426
-0.0247028517
-0.0257895743
-0.0268814278
-0.0279735710
-0.0290521459
-0.0300962135
-0.0310921011
-0.0320472769
-0.0329761373
-0.0338828698
-0.0347505136
-0.0355523336
-0.0362883400
-0.0369718486
-0.0375978223
-0.0381641479
-0.0386749540
-0.0391117342
-0.0394570645
-0.0397117005
-0.0398777404
-0.0399560303
-0.0399469291
-0.0398513098
-0.0396751394
-0.0394384772
-0.0391679367
-0.0388660665
-0.0385227107
-0.0381378169
-0.0377123523
-0.0372669065
-0.0368250604
-0.0363871927
-0.0359481601
-0.0354989456
-0.0350253757
-0.0345176363
-0.0339872436
-0.0334461793
-0.0328821554
-0.0322827792
-0.0316635534
-0.0310457096
-0.0304232744
-0.0297704389
-0.0290579828
-0.0282798138
-0.0274514205
-0.0265713164
-0.0256297174
-0.0246318961
-0.0235768762
-0.0224574888
-0.0212790497
-0.0200420809
-0.0187405724
-0.0173808800
-0.0159639500
-0.0144832608
-0.0129452492
-0.0113536841
-0.0097077523
-0.0080202511
-0.0063135951
-0.0046140042
-0.0029453563
-0.0013214252
0.0002480880
0.0017448838
0.0031520111
0.0044583115
0.0056466373
0.0067014406
0.0076117886
0.0083624268
0.0089442069
0.0093636299
0.0096443147
0.0098193795
0.0099054032
0.0099081718
0.0098439653
0.0097329697
0.0095879172
0.0094276334
0.0092674015
0.0091049764
0.0089370670
0.0087636959
0.0085904270
0.0084321095
0.0083088020
0.0082263358
0.0081511232
0.0080417869
0.0078903736
0.0077279574
0.0075939924
0.0075023737
0.0074415426
0.0073792825
0.0072878246
0.0071591707
0.0070117936
0.0068679943
0.0067282384
0.0065863529
0.0064408570
0.0062995220
0.0061814744
0.0061077069
0.0060816044
0.0060992798
0.0061575376
0.0062552475
0.0063951829
0.0065783586
0.0068121445
0.0071136959
0.0075018537
0.0079771942
0.0085226048
0.0091205380
0.0097712003
0.0104835733
0.0112450851
0.0120371073
0.0128631444
0.0137251452
0.0146039488
0.0154822766
0.0163496296
0.0171890900
0.0179854382
0.0187312979
0.0194160697
0.0200391858
0.0206101045
0.0211226904
0.0215766292
0.0219784161
0.0223106155
0.0225547129
0.0227091347
0.0227815573
0.0227917217
0.0227598991
0.0226842441
0.0225609065
0.0223898283
0.0221714503
0.0219069299
0.0215983424
0.0212520146
0.0208797983
0.0204991740
0.0201153576
0.0197347376
0.0193527713
0.0189536376
0.0185406997
0.0181429916
0.0177708699
0.0174046477
0.0170295247
0.0166317932
0.0161996977
0.0157420279
0.0152796613
0.0148200570
0.0143613218
0.0139034425
0.0134468720
0.0129878550
0.0125141624
0.0120070427
0.0114546580
0.0108575509
0.0102170888
0.0095341168
0.0088093900
0.0080420716
0.0072279210
0.0063580243
0.0054237918
0.0044392011
0.0034395069
0.0024394930
0.0014327532
0.0004152080
-0.0006068805
-0.0016204003
-0.0026263748
-0.0036350418
-0.0046478973
-0.0056612549
-0.0066651432
-0.0076430926
-0.0085832313
-0.0094967763
-0.0103884694
-0.0112398795
-0.0120496130
-0.0128158269
-0.0135278830
-0.0141803039
-0.0147789355
-0.0153490607
-0.0158966435
-0.0163993244
-0.0168438326
-0.0172260940
-0.0175529793
-0.0178499616
-0.0181202424
-0.0183369734
-0.0184876049
-0.0185860194
-0.0186415214
-0.0186520022
-0.0186144662
-0.0185299290
-0.0184062711
-0.0182574890
-0.0180949416
-0.0179104554
-0.0176886357
-0.0174371268
-0.0171796752
-0.0169275433
-0.0166786076
-0.0164246312
-0.0161507375
-0.0158416278
-0.0154999429
-0.0151513102
-0.0148202039
-0.0145196032
-0.0142518947
-0.0140102932
-0.0137975574
-0.0136145830
-0.0134431900
-0.0132708439
-0.0130986571
-0.0129277042
-0.0127579171
-0.0125897575
-0.0124243958
-0.0122622075
-0.0120991942
-0.0119236369
-0.0117177681
-0.0114707693
-0.0111907235
-0.0108830621
-0.0105434918
-0.0101677810
-0.0097440448
-0.0092643076
-0.0087214494
-0.0081155684
-0.0074556331
-0.0067342403
-0.0059523628
-0.0051275191
-0.0042655020
-0.0033815790
-0.0024927416
-0.0015955287
-0.0006908944
0.0002080073
0.0011012713
0.0019979938
0.0028895199
0.0037549263
0.0045731714
0.0053434199
0.0060683351
0.0067517569
0.0074032898
0.0080365284
0.0086672373
0.0092897933
0.0098879576
0.0104507448
0.0109876123
0.0115062361
0.0119889705
0.0124207464
0.0128059694
0.0131616765
0.0134887177
0.0137617475
0.0139680739
0.0141120787
0.0141790389
0.0141499883
0.0140154255
0.0137702098
0.0134261090
0.0129980978
0.0124992658
0.0119460897
0.0113453478
0.0106977930
0.0100085703
0.0092859273
0.0085345644
0.0077482352
0.0069316187
0.0061039235
0.0052756458
0.0044532762
0.0036501919
0.0028788042
0.0021317110
0.0013868370
0.0006397544
-0.0000886203
-0.0007677239
-0.0013789917
-0.0019325900
-0.0024473484
-0.0029310437
-0.0033887178
-0.0038177903
-0.0042168489
-0.0045978834
-0.0049605319
-0.0052907981
-0.0055917455
-0.0058853156
-0.0061798527
-0.0064588909
-0.0066987357
-0.0068873305
-0.0070325299
-0.0071515691
-0.0072641060
-0.0073766253
-0.0074757156
-0.0075448302
-0.0075788545
-0.0075913983
-0.0075865823
-0.0075495410
-0.0074750675
-0.0073650895
-0.0072186487
-0.0070435310
-0.0068419104
-0.0066084966
-0.0063566608
-0.0060917190
-0.0057969810
-0.0054666252
-0.0051207493
-0.0047772865
-0.0044354354
-0.0040920675
-0.0037452360
-0.0033944749
-0.0030435140
-0.0027028052
-0.0023888785
-0.0021142504
-0.0018789781
-0.0016897837
-0.0015551971
-0.0014825758
-0.0014671864
-0.0014807157
-0.0015191346
-0.0015956520
-0.0016932554
-0.0017898005
-0.0018855173
-0.0019846336
-0.0020912639
-0.0022084198
-0.0023314833
-0.0024441537
-0.0025446519
-0.0026447347
-0.0027457705
-0.0028477445
-0.0029522818
-0.0030602437
-0.0031683902
-0.0032656926
-0.0033346907
-0.0033651115
-0.0033764723
-0.0033918325
-0.0034134293
-0.0034418101
-0.0034754766
-0.0035039155
-0.0035232002
-0.0035350265
-0.0035260342
-0.0034766584
-0.0033830899
-0.0032451442
-0.0030574111
-0.0028108297
-0.0025003207
-0.0021345498
-0.0017084908
-0.0012163134
-0.0006704366
-0.0000727290
0.0005772050
0.0012690115
0.0019986236
0.0027672614
0.0035604318
0.0043573534
0.0051540709
0.0059525861
0.0067532496
0.0075553315
0.0083575736
0.0091592297
0.0099606795
0.0107636327
0.0115698136
0.0123779751
0.0131799429
0.0139590213
0.0146977055
0.0153953820
0.0160541150
0.0166660479
0.0172148229
0.0176821925
0.0180637021
0.0183599469
0.0185702602
0.0186910550
0.0187139127
0.0186279942
0.0184298950
0.0181395717
0.0177815289
0.0173562246
0.0168614002
0.0163101420
0.0157101520
0.0150619769
0.0143715705
0.0136531224
0.0129247101
0.0121950231
0.0114690366
0.0107590359
0.0100787443
0.0094275784
0.0088002731
0.0082075993
0.0076587639
0.0071554054
0.0067027905
0.0063101242
0.0059822939
0.0057067690
0.0054704351
0.0052672420
0.0050935320
0.0049538743
0.0048405161
0.0047339194
0.0046325348
0.0045520339
0.0045061756
0.0044879651
0.0044779813
0.0044693685
0.0044626545
0.0044510825
0.0044189707
0.0043518367
0.0042575977
0.0041622608
0.0040855813
0.0040383348
0.0040198000
0.0040247757
0.0040644409
0.0041507328
0.0042793699
0.0044375930
0.0046054913
0.0047717159
0.0049399896
0.0051147677
0.0052962508
0.0054763733
0.0056352576
0.0057465239
0.0057985085
0.0058085356
0.0057926705
0.0057342124
0.0056108311
0.0054279088
0.0051991200
0.0049261699
0.0046113109
0.0042608425
0.0038810635
0.0034710260
0.0030330478
0.0025854515
0.0021345458
0.0016652289
0.0011614102
0.0006254122
0.0000792348
-0.0004636134
-0.0010061860
-0.0015536702
-0.0021096273
-0.0026726628
-0.0032324142
-0.0037832246
-0.0043323877
-0.0048836206
-0.0054296600
-0.0059565010
-0.0064511669
-0.0069167925
-0.0073606632
-0.0077699078
-0.0081277337
-0.0084235479
-0.0086532734
-0.0088309415
-0.0089707985
-0.0090794060
-0.0091599807
-0.0092058078
-0.0092211568
-0.0092249097
-0.0092277169
-0.0092364364
-0.0092648204
-0.0093255098
-0.0094108432
-0.0095003197
-0.0095867058
-0.0096740705
-0.0097661995
-0.0098630538
-0.0099574197
-0.0100327497
-0.0100690191
-0.0100599875
-0.0100118884
-0.0099333059
-0.0098284843
-0.0096893553
-0.0095162110
-0.0093133745
-0.0090744158
-0.0088109115
-0.0085426506
-0.0082724381
-0.0080001587
-0.0077335077
-0.0074877783
-0.0072760379
-0.0070907282
-0.0069228860
-0.0067827742
-0.0066728217
-0.0065781976
-0.0064890411
-0.0064070842
-0.0063314288
-0.0062505970
-0.0061617963
-0.0060742830
-0.0059888566
-0.0058967651
-0.0057831871
-0.0056353358
-0.0054585543
-0.0052555943
-0.0050090315
-0.0047149340
-0.0043841430
-0.0040347539
-0.0036833399
-0.0033241443
-0.0029403458
-0.0025208904
-0.0020770046
-0.0016202122
-0.0011369323
-0.0006142660
-0.0000709236
0.0004707927
0.0010111240
0.0015524245
0.0020949813
0.0026390346
0.0031851057
0.0037338988
0.0042840717
0.0048292963
0.0053569270
0.0058540479
0.0063224378
0.0067721393
0.0071964759
0.0075844104
0.0079543541
0.0083247253
0.0086848663
0.0090175703
0.0093147155
0.0095839244
0.0098230215
0.0100171435
0.0101704119
0.0102922602
0.0103864197
0.0104403757
0.0104275714
0.0103482072
0.0102199862
0.0100485868
0.0098360253
0.0095882471
0.0093117060
0.0090049969
0.0086683132
0.0083152643
0.0079460015
0.0075450322
0.0071123828
0.0066679273
0.0062246827
0.0057821973
0.0053403862
0.0049004639
0.0044611522
0.0040149467
0.0035473035
0.0030454789
0.0025174387
0.0019837666
0.0014510850
0.0009157682
0.0003780272
-0.0001541542
-0.0006658989
-0.0011450002
-0.0015995537
-0.0020435409
-0.0024691402
-0.0028599690
-0.0032181586
-0.0035481924
-0.0038424524
-0.0041129369
-0.0043807404
-0.0046495518
-0.0049171121
-0.0051827331
-0.0054468514
-0.0057102869
-0.0059734998
-0.0062363873
-0.0064986013
-0.0067603221
-0.0070228651
-0.0072882262
-0.0075566344
-0.0078223991
-0.0080706374
-0.0082814518
-0.0084459292
-0.0085674254
-0.0086507148
-0.0087007488
-0.0087194477
-0.0087116017
-0.0086709775
-0.0085792943
-0.0084391114
-0.0082651958
-0.0080790524
-0.0078976472
-0.0077175514
-0.0075291185
-0.0073202985
-0.0070830109
-0.0068299364
-0.0065968083
-0.0063971343
-0.0062065379
-0.0060094537
-0.0058126220
-0.0056311942
-0.0054814504
-0.0053669129
-0.0052785818
-0.0052185874
-0.0051931714
-0.0051970659
-0.0052319949
-0.0052990761
-0.0053930125
-0.0055188623
-0.0056744463
-0.0058505358
-0.0060533273
-0.0062877123
-0.0065400001
-0.0067947477
-0.0070487189
-0.0073047902
-0.0075649856
-0.0078280379
-0.0080870802
-0.0083292095
-0.0085418104
-0.0087274815
-0.0089016522
-0.0090671608
-0.0092081001
-0.0093107060
-0.0093857280
-0.0094380144
-0.0094485722
-0.0094138575
-0.0093310066
-0.0091918717
-0.0089881808
-0.0087206229
-0.0083990699
-0.0080050546
-0.0075187108
-0.0069394629
-0.0062695740
-0.0055122973
-0.0046743527
-0.0037663405
-0.0027959887
-0.0017646683
-0.0006867250
0.0004168499
0.0015447461
0.0026952922
0.0038441868
0.0049685824
0.0060742832
0.0071779391
0.0082788794
0.0093615979
0.0104126216
0.0114375334
0.0124498627
0.0134443681
0.0144069260
0.0153421073
0.0162635047
0.0171658691
0.0180348323
0.0188737335
0.0196861582
0.0204558669
0.0211749961
0.0218438462
0.0224668925
0.0230581499
0.0236099418
0.0240878575
0.0244670138
0.0247493152
0.0249419462
0.0250455071
0.0250594177
0.0249819792
0.0248099129
0.0245408719
0.0241773956
0.0237296024
0.0232154062
0.0226522091
0.0220376237
0.0213607941
0.0206173435
0.0198228880
0.0190137558
0.0182059922
0.0173950544
0.0165789614
0.0157633592
0.0149618763
0.0141905503
0.0134531152
0.0127410876
0.0120576252
0.0114117374
0.0108026376
0.0102359823
0.0097224508
0.0092671591
0.0088800629
0.0085769244
0.0083606992
0.0082152861
0.0081182359
0.0080571166
0.0080271332
0.0080260344
0.0080602141
0.0081243689
0.0081988912
0.0082728185
0.0083388099
0.0083817863
0.0083870679
0.0083593432
0.0083073825
0.0082268622
0.0081066005
0.0079207859
0.0076480561
0.0072897288
0.0068565056
0.0063601826
0.0058069918
0.0051867942
0.0044984538
0.0037650942
0.0030024944
0.0022085814
0.0013708431
0.0004900558
-0.0004226523
-0.0013480979
-0.0022668552
-0.0031793863
-0.0040878759
-0.0049922809
-0.0058927251
-0.0067895485
-0.0076825808
-0.0085681339
-0.0094363401
-0.0102724890
-0.0110681357
-0.0118303322
-0.0125603381
-0.0132536004
-0.0139276462
-0.0145992275
-0.0152662928
-0.0159212127
-0.0165524529
-0.0171487537
-0.0177125677
-0.0182587104
-0.0187882325
-0.0192861616
-0.0197470376
-0.0201774922
-0.0205765360
-0.0209420972
-0.0212826657
-0.0215968347
-0.0218754689
-0.0221173870
-0.0223203072
-0.0224819486
-0.0226017386
-0.0226759946
-0.0226971003
-0.0226581475
-0.0225626209
-0.0224113352
-0.0222043036
-0.0219542747
-0.0216664633
-0.0213400422
-0.0209753412
-0.0205734590
-0.0201358209
-0.0196628374
-0.0191544473
-0.0186107393
-0.0180323691
-0.0174211287
-0.0167809545
-0.0161175761
-0.0154344677
-0.0147285816
-0.0140150327
-0.0133082678
-0.0125989350
-0.0118713637
-0.0111178842
-0.0103553613
-0.0096025382
-0.0088592914
-0.0081229568
-0.0073918547
-0.0066646676
-0.0059419754
-0.0052282741
-0.0045335219
-0.0038698949
-0.0032401020
-0.0026283418
-0.0020213520
-0.0014203998
-0.0008276072
-0.0002432458
0.0003331131
0.0009019196
0.0014627730
0.0020145932
0.0025569061
0.0030922442
0.0036279118
0.0041740508
0.0047348759
0.0053017969
0.0058623323
0.0064116717
0.0069501429
0.0074791311
0.0080029910
0.0085304600
0.0090706600
0.0096218421
0.0101702366
0.0107079390
0.0112358685
0.0117517787
0.0122477460
0.0127142773
0.0131498422
0.0135575890
0.0139319280
0.0142688882
0.0145732408
0.0148515273
0.0151063853
0.0153303897
0.0155180950
0.0156704240
0.0157884260
0.0158729229
0.0159256142
0.0159500405
0.0159512219
0.0159326586
0.0158917527
0.0158311726
0.0157582423
0.0156697937
0.0155591282
0.0154326468
0.0152980693
0.0151494956
0.0149801107
0.0147967600
0.0146076664
0.0144073333
0.0141876676
0.0139514881
0.0137023447
0.0134354646
0.0131533398
0.0128599576
0.0125512210
0.0122295832
0.0118966612
0.0115431656
0.0111647987
0.0107577986
0.0103222676
0.0098706961
0.0094092521
0.0089439222
0.0084780574
0.0080032035
0.0075158253
0.0070183699
0.0065121743
0.0060065913
0.0055110832
0.0050243358
0.0045448720
0.0040745190
0.0036184912
0.0031839805
0.0027741604
0.0023842226
0.0020128570
0.0016642786
0.0013362428
0.0010280310
0.0007409235
0.0004667977
0.0001989015
-0.0000616152
-0.0003139857
-0.0005603479
-0.0008059463
-0.0010574421
-0.0013161860
-0.0015723925
-0.0018149137
-0.0020387784
-0.0022440216
-0.0024384941
-0.0026283712
-0.0028127816
-0.0029905605
-0.0031615395
-0.0033260387
-0.0034844998
-0.0036370262
-0.0037832644
-0.0039227202
-0.0040556282
-0.0041839853
-0.0043118385
-0.0044432313
-0.0045771975
-0.0047073471
-0.0048297293
-0.0049448927
-0.0050541544
-0.0051592697
-0.0052621941
-0.0053631222
-0.0054576246
-0.0055399283
-0.0056096140
-0.0056674548
-0.0057132242
-0.0057484052
-0.0057718109
-0.0057812459
-0.0057774893
-0.0057615218
-0.0057339107
-0.0056951987
-0.0056458679
-0.0055863695
-0.0055172240
-0.0054393245
-0.0053541030
-0.0052634133
-0.0051686414
-0.0050694047
-0.0049653093
-0.0048575249
-0.0047461000
-0.0046323476
-0.0045195078
-0.0044088634
-0.0043001526
-0.0041932362
-0.0040881500
-0.0039849136
-0.0038834438
-0.0037836278
-0.0036856075
-0.0035901273
-0.0034986148
-0.0034123854
-0.0033309504
-0.0032531796
-0.0031795393
-0.0031100439
-0.0030438378
-0.0029809982
-0.0029208554
-0.0028620869
-0.0028051294
-0.0027511029
-0.0026992501
-0.0026477250
-0.0025958284
-0.0025437011
-0.0024914838
-0.0024392785
-0.0023871515
-0.0023351363
-0.0022831569
-0.0022308066
-0.0021772377
-0.0021215829
-0.0020639161
-0.0020046444
-0.0019440842
-0.0018824967
-0.0018200045
-0.0017566586
-0.0016924209
-0.0016273327
-0.0015618459
-0.0014970876
-0.0014333796
-0.0013701251
-0.0013073134
-0.0012454587
-0.0011852556
-0.0011272619
-0.0010713198
-0.0010169840
-0.0009639432
-0.0009123364
-0.0008626680
-0.0008151837
-0.0007696934
-0.0007258433
-0.0006833431
-0.0006422484
-0.0006029567
-0.0005657835
-0.0005307883
-0.0004978232
-0.0004666768
-0.0004371426
-0.0004090797
-0.0003825204
-0.0003575680
-0.0003342638
-0.0003124376
-0.0002919085
-0.0002726681
-0.0002546293
-0.0002377207
-0.0002220194
-0.0002074862
-0.0001939496
-0.0001813356
-0.0001695834
-0.0001585415
-0.0001481170
-0.0001382534
-0.0001288883
-0.0001199714
-0.0001114287
-0.0001032183
-0.0000953519
-0.0000878547
-0.0000807312
-0.0000739356
-0.0000674243
-0.0000612046
-0.0000552929
-0.0000496786
-0.0000443306
-0.0000392318
-0.0000343869
-0.0000298052
-0.0000254916
-0.0000214389
-0.0000176318
-0.0000140620
-0.0000107295
-0.0000076352
-0.0000047793
-0.0000021609
0.0000002213
0.0000023693
0.0000042859
0.0000059740
0.0000074356
0.0000086708
0.0000096803
0.0000104676
0.0000110365
0.0000113908
0.0000115347
0.0000114721
0.0000112073
0.0000107443
0.0000100873
0.0000092409
0.0000082100
0.0000069992
0.0000056133
0.0000040570
0.0000023352
0.0000004528
-0.0000015855
-0.0000037746
