ground_motion_id	time	velocity
1	0.000000	0.000000
1	0.005000	0.001250
1	0.010000	0.002499
1	0.015000	0.003746
1	0.020000	0.004992
1	0.025000	0.006234
1	0.030000	0.007472
1	0.035000	0.008705
1	0.040000	0.009933
1	0.045000	0.011155
1	0.050000	0.012370
1	0.055000	0.013577
1	0.060000	0.014776
1	0.065000	0.015965
1	0.070000	0.017145
1	0.075000	0.018314
1	0.080000	0.019471
1	0.085000	0.020616
1	0.090000	0.021748
1	0.095000	0.022867
1	0.100000	0.023971
1	0.105000	0.025061
1	0.110000	0.026134
1	0.115000	0.027192
1	0.120000	0.028232
1	0.125000	0.029255
1	0.130000	0.030259
1	0.135000	0.031245
1	0.140000	0.032211
1	0.145000	0.033157
1	0.150000	0.034082
1	0.155000	0.034986
1	0.160000	0.035868
1	0.165000	0.036727
1	0.170000	0.037564
1	0.175000	0.038377
1	0.180000	0.039166
1	0.185000	0.039931
1	0.190000	0.040671
1	0.195000	0.041385
1	0.200000	0.042074
1	0.205000	0.042736
1	0.210000	0.043371
1	0.215000	0.043980
1	0.220000	0.044560
1	0.225000	0.045113
1	0.230000	0.045638
1	0.235000	0.046134
1	0.240000	0.046602
1	0.245000	0.047040
1	0.250000	0.047449
1	0.255000	0.047829
1	0.260000	0.048178
1	0.265000	0.048497
1	0.270000	0.048786
1	0.275000	0.049045
1	0.280000	0.049272
1	0.285000	0.049470
1	0.290000	0.049636
1	0.295000	0.049771
1	0.300000	0.049875
1	0.305000	0.049948
1	0.310000	0.049989
1	0.315000	0.050000
1	0.320000	0.049979
1	0.325000	0.049927
1	0.330000	0.049843
1	0.335000	0.049729
1	0.340000	0.049583
1	0.345000	0.049407
1	0.350000	0.049199
1	0.355000	0.048961
1	0.360000	0.048692
1	0.365000	0.048393
1	0.370000	0.048064
1	0.375000	0.047704
1	0.380000	0.047315
1	0.385000	0.046896
1	0.390000	0.046448
1	0.395000	0.045971
1	0.400000	0.045465
1	0.405000	0.044931
1	0.410000	0.044368
1	0.415000	0.043778
1	0.420000	0.043160
1	0.425000	0.042516
1	0.430000	0.041845
1	0.435000	0.041148
1	0.440000	0.040425
1	0.445000	0.039677
1	0.450000	0.038904
1	0.455000	0.038106
1	0.460000	0.037285
1	0.465000	0.036441
1	0.470000	0.035574
1	0.475000	0.034684
1	0.480000	0.033773
1	0.485000	0.032841
1	0.490000	0.031888
1	0.495000	0.030916
1	0.500000	0.029924
1	0.505000	0.028913
1	0.510000	0.027884
1	0.515000	0.026838
1	0.520000	0.025775
1	0.525000	0.024696
1	0.530000	0.023602
1	0.535000	0.022492
1	0.540000	0.021369
1	0.545000	0.020232
1	0.550000	0.019083
1	0.555000	0.017922
1	0.560000	0.016749
1	0.565000	0.015567
1	0.570000	0.014374
1	0.575000	0.013172
1	0.580000	0.011962
1	0.585000	0.010745
1	0.590000	0.009521
1	0.595000	0.008291
1	0.600000	0.007056
1	0.605000	0.005816
1	0.610000	0.004573
1	0.615000	0.003327
1	0.620000	0.002079
1	0.625000	0.000830
1	0.630000	-0.000420
1	0.635000	-0.001670
1	0.640000	-0.002919
1	0.645000	-0.004166
1	0.650000	-0.005410
1	0.655000	-0.006651
1	0.660000	-0.007887
1	0.665000	-0.009119
1	0.670000	-0.010345
1	0.675000	-0.011565
1	0.680000	-0.012777
1	0.685000	-0.013981
1	0.690000	-0.015177
1	0.695000	-0.016363
1	0.700000	-0.017539
1	0.705000	-0.018704
1	0.710000	-0.019857
1	0.715000	-0.020998
1	0.720000	-0.022126
1	0.725000	-0.023240
1	0.730000	-0.024339
1	0.735000	-0.025424
1	0.740000	-0.026492
1	0.745000	-0.027544
1	0.750000	-0.028578
1	0.755000	-0.029595
1	0.760000	-0.030593
1	0.765000	-0.031572
1	0.770000	-0.032531
1	0.775000	-0.033470
1	0.780000	-0.034388
1	0.785000	-0.035285
1	0.790000	-0.036159
1	0.795000	-0.037011
1	0.800000	-0.037840
1	0.805000	-0.038645
1	0.810000	-0.039426
1	0.815000	-0.040183
1	0.820000	-0.040914
1	0.825000	-0.041620
1	0.830000	-0.042299
1	0.835000	-0.042952
1	0.840000	-0.043579
1	0.845000	-0.044178
1	0.850000	-0.044749
1	0.855000	-0.045293
1	0.860000	-0.045808
1	0.865000	-0.046295
1	0.870000	-0.046753
1	0.875000	-0.047181
1	0.880000	-0.047580
1	0.885000	-0.047949
1	0.890000	-0.048289
1	0.895000	-0.048598
1	0.900000	-0.048877
1	0.905000	-0.049125
1	0.910000	-0.049342
1	0.915000	-0.049529
1	0.920000	-0.049685
1	0.925000	-0.049809
1	0.930000	-0.049903
1	0.935000	-0.049965
1	0.940000	-0.049996
1	0.945000	-0.049996
1	0.950000	-0.049965
1	0.955000	-0.049902
1	0.960000	-0.049808
1	0.965000	-0.049683
1	0.970000	-0.049527
1	0.975000	-0.049340
1	0.980000	-0.049123
1	0.985000	-0.048874
1	0.990000	-0.048595
1	0.995000	-0.048286
1	1.000000	-0.047946
1	1.005000	-0.047577
1	1.010000	-0.047177
1	1.015000	-0.046749
1	1.020000	-0.046291
1	1.025000	-0.045804
1	1.030000	-0.045288
1	1.035000	-0.044745
1	1.040000	-0.044173
1	1.045000	-0.043573
1	1.050000	-0.042947
1	1.055000	-0.042293
1	1.060000	-0.041613
1	1.065000	-0.040907
1	1.070000	-0.040176
1	1.075000	-0.039419
1	1.080000	-0.038638
1	1.085000	-0.037833
1	1.090000	-0.037004
1	1.095000	-0.036152
1	1.100000	-0.035277
1	1.105000	-0.034380
1	1.110000	-0.033462
1	1.115000	-0.032523
1	1.120000	-0.031563
1	1.125000	-0.030584
1	1.130000	-0.029586
1	1.135000	-0.028569
1	1.140000	-0.027534
1	1.145000	-0.026482
1	1.150000	-0.025414
1	1.155000	-0.024330
1	1.160000	-0.023230
1	1.165000	-0.022116
1	1.170000	-0.020988
1	1.175000	-0.019847
1	1.180000	-0.018694
1	1.185000	-0.017529
1	1.190000	-0.016353
1	1.195000	-0.015166
1	1.200000	-0.013971
1	1.205000	-0.012766
1	1.210000	-0.011554
1	1.215000	-0.010334
1	1.220000	-0.009108
1	1.225000	-0.007876
1	1.230000	-0.006640
1	1.235000	-0.005399
1	1.240000	-0.004154
1	1.245000	-0.002908
1	1.250000	-0.001659
1	1.255000	-0.000409
2	0.000000	0.000000
2	0.005000	0.001250
2	0.010000	0.002500
2	0.015000	0.003749
2	0.020000	0.004998
2	0.025000	0.006246
2	0.030000	0.007493
2	0.035000	0.008739
2	0.040000	0.009983
2	0.045000	0.011226
2	0.050000	0.012467
2	0.055000	0.013707
2	0.060000	0.014944
2	0.065000	0.016179
2	0.070000	0.017411
2	0.075000	0.018640
2	0.080000	0.019867
2	0.085000	0.021090
2	0.090000	0.022311
2	0.095000	0.023527
2	0.100000	0.024740
2	0.105000	0.025950
2	0.110000	0.027155
2	0.115000	0.028356
2	0.120000	0.029552
2	0.125000	0.030744
2	0.130000	0.031931
2	0.135000	0.033113
2	0.140000	0.034290
2	0.145000	0.035461
2	0.150000	0.036627
2	0.155000	0.037787
2	0.160000	0.038942
2	0.165000	0.040090
2	0.170000	0.041232
2	0.175000	0.042368
2	0.180000	0.043497
2	0.185000	0.044619
2	0.190000	0.045734
2	0.195000	0.046842
2	0.200000	0.047943
2	0.205000	0.049036
2	0.210000	0.050121
2	0.215000	0.051199
2	0.220000	0.052269
2	0.225000	0.053330
2	0.230000	0.054383
2	0.235000	0.055428
2	0.240000	0.056464
2	0.245000	0.057491
2	0.250000	0.058510
2	0.255000	0.059519
2	0.260000	0.060519
2	0.265000	0.061509
2	0.270000	0.062490
2	0.275000	0.063461
2	0.280000	0.064422
2	0.285000	0.065373
2	0.290000	0.066314
2	0.295000	0.067244
2	0.300000	0.068164
2	0.305000	0.069073
2	0.310000	0.069972
2	0.315000	0.070859
2	0.320000	0.071736
2	0.325000	0.072601
2	0.330000	0.073455
2	0.335000	0.074297
2	0.340000	0.075128
2	0.345000	0.075947
2	0.350000	0.076754
2	0.355000	0.077550
2	0.360000	0.078333
2	0.365000	0.079104
2	0.370000	0.079862
2	0.375000	0.080608
2	0.380000	0.081342
2	0.385000	0.082062
2	0.390000	0.082770
2	0.395000	0.083465
2	0.400000	0.084147
2	0.405000	0.084816
2	0.410000	0.085471
2	0.415000	0.086114
2	0.420000	0.086742
2	0.425000	0.087357
2	0.430000	0.087959
2	0.435000	0.088547
2	0.440000	0.089121
2	0.445000	0.089681
2	0.450000	0.090227
2	0.455000	0.090759
2	0.460000	0.091276
2	0.465000	0.091780
2	0.470000	0.092269
2	0.475000	0.092744
2	0.480000	0.093204
2	0.485000	0.093650
2	0.490000	0.094081
2	0.495000	0.094497
2	0.500000	0.094898
2	0.505000	0.095285
2	0.510000	0.095657
2	0.515000	0.096014
2	0.520000	0.096356
2	0.525000	0.096683
2	0.530000	0.096994
2	0.535000	0.097291
2	0.540000	0.097572
2	0.545000	0.097838
2	0.550000	0.098089
2	0.555000	0.098325
2	0.560000	0.098545
2	0.565000	0.098750
2	0.570000	0.098939
2	0.575000	0.099113
2	0.580000	0.099271
2	0.585000	0.099414
2	0.590000	0.099542
2	0.595000	0.099653
2	0.600000	0.099749
2	0.605000	0.099830
2	0.610000	0.099895
2	0.615000	0.099945
2	0.620000	0.099978
2	0.625000	0.099997
2	0.630000	0.099999
2	0.635000	0.099986
2	0.640000	0.099957
2	0.645000	0.099913
2	0.650000	0.099853
2	0.655000	0.099778
2	0.660000	0.099687
2	0.665000	0.099580
2	0.670000	0.099458
2	0.675000	0.099320
2	0.680000	0.099166
2	0.685000	0.098998
2	0.690000	0.098813
2	0.695000	0.098614
2	0.700000	0.098399
2	0.705000	0.098168
2	0.710000	0.097922
2	0.715000	0.097661
2	0.720000	0.097385
2	0.725000	0.097093
2	0.730000	0.096786
2	0.735000	0.096464
2	0.740000	0.096128
2	0.745000	0.095776
2	0.750000	0.095409
2	0.755000	0.095027
2	0.760000	0.094630
2	0.765000	0.094219
2	0.770000	0.093792
2	0.775000	0.093351
2	0.780000	0.092896
2	0.785000	0.092426
2	0.790000	0.091942
2	0.795000	0.091443
2	0.800000	0.090930
2	0.805000	0.090402
2	0.810000	0.089861
2	0.815000	0.089306
2	0.820000	0.088736
2	0.825000	0.088153
2	0.830000	0.087556
2	0.835000	0.086945
2	0.840000	0.086321
2	0.845000	0.085683
2	0.850000	0.085032
2	0.855000	0.084368
2	0.860000	0.083690
2	0.865000	0.082999
2	0.870000	0.082295
2	0.875000	0.081579
2	0.880000	0.080850
2	0.885000	0.080108
2	0.890000	0.079353
2	0.895000	0.078586
2	0.900000	0.077807
2	0.905000	0.077016
2	0.910000	0.076213
2	0.915000	0.075398
2	0.920000	0.074571
2	0.925000	0.073732
2	0.930000	0.072882
2	0.935000	0.072020
2	0.940000	0.071147
2	0.945000	0.070263
2	0.950000	0.069369
2	0.955000	0.068463
2	0.960000	0.067546
2	0.965000	0.066619
2	0.970000	0.065682
2	0.975000	0.064734
2	0.980000	0.063776
2	0.985000	0.062809
2	0.990000	0.061831
2	0.995000	0.060844
2	1.000000	0.059847
2	1.005000	0.058841
2	1.010000	0.057826
2	1.015000	0.056802
2	1.020000	0.055768
2	1.025000	0.054726
2	1.030000	0.053676
2	1.035000	0.052617
2	1.040000	0.051550
2	1.045000	0.050475
2	1.050000	0.049392
2	1.055000	0.048301
2	1.060000	0.047203
2	1.065000	0.046097
2	1.070000	0.044985
2	1.075000	0.043865
2	1.080000	0.042738
2	1.085000	0.041605
2	1.090000	0.040465
2	1.095000	0.039318
2	1.100000	0.038166
2	1.105000	0.037008
2	1.110000	0.035844
2	1.115000	0.034674
2	1.120000	0.033499
2	1.125000	0.032318
2	1.130000	0.031133
2	1.135000	0.029943
2	1.140000	0.028748
2	1.145000	0.027548
2	1.150000	0.026345
2	1.155000	0.025137
2	1.160000	0.023925
2	1.165000	0.022709
2	1.170000	0.021490
2	1.175000	0.020268
2	1.180000	0.019042
2	1.185000	0.017814
2	1.190000	0.016582
2	1.195000	0.015348
2	1.200000	0.014112
2	1.205000	0.012873
2	1.210000	0.011633
2	1.215000	0.010390
2	1.220000	0.009146
2	1.225000	0.007901
2	1.230000	0.006654
2	1.235000	0.005407
2	1.240000	0.004158
2	1.245000	0.002909
2	1.250000	0.001659
2	1.255000	0.000409
2	1.260000	-0.000841
2	1.265000	-0.002091
2	1.270000	-0.003340
2	1.275000	-0.004589
2	1.280000	-0.005837
2	1.285000	-0.007085
2	1.290000	-0.008331
2	1.295000	-0.009576
2	1.300000	-0.010820
2	1.305000	-0.012061
2	1.310000	-0.013301
2	1.315000	-0.014539
2	1.320000	-0.015775
2	1.325000	-0.017008
2	1.330000	-0.018238
2	1.335000	-0.019466
2	1.340000	-0.020690
2	1.345000	-0.021912
2	1.350000	-0.023129
2	1.355000	-0.024344
2	1.360000	-0.025554
2	1.365000	-0.026761
2	1.370000	-0.027963
2	1.375000	-0.029161
2	1.380000	-0.030354
2	1.385000	-0.031543
2	1.390000	-0.032726
2	1.395000	-0.033905
2	1.400000	-0.035078
2	1.405000	-0.036246
2	1.410000	-0.037408
2	1.415000	-0.038565
2	1.420000	-0.039715
2	1.425000	-0.040859
2	1.430000	-0.041997
2	1.435000	-0.043128
2	1.440000	-0.044252
2	1.445000	-0.045370
2	1.450000	-0.046480
2	1.455000	-0.047583
2	1.460000	-0.048679
2	1.465000	-0.049767
2	1.470000	-0.050847
2	1.475000	-0.051919
2	1.480000	-0.052984
2	1.485000	-0.054040
2	1.490000	-0.055087
2	1.495000	-0.056126
2	1.500000	-0.057156
2	1.505000	-0.058177
2	1.510000	-0.059189
2	1.515000	-0.060192
2	1.520000	-0.061186
2	1.525000	-0.062170
2	1.530000	-0.063144
2	1.535000	-0.064108
2	1.540000	-0.065063
2	1.545000	-0.066007
2	1.550000	-0.066940
2	1.555000	-0.067864
2	1.560000	-0.068777
2	1.565000	-0.069679
2	1.570000	-0.070570
2	1.575000	-0.071450
2	1.580000	-0.072319
2	1.585000	-0.073176
2	1.590000	-0.074023
2	1.595000	-0.074857
2	1.600000	-0.075680
2	1.605000	-0.076491
2	1.610000	-0.077291
2	1.615000	-0.078078
2	1.620000	-0.078853
2	1.625000	-0.079615
2	1.630000	-0.080365
2	1.635000	-0.081103
2	1.640000	-0.081828
2	1.645000	-0.082540
2	1.650000	-0.083239
2	1.655000	-0.083925
2	1.660000	-0.084598
2	1.665000	-0.085258
2	1.670000	-0.085905
2	1.675000	-0.086538
2	1.680000	-0.087158
2	1.685000	-0.087764
2	1.690000	-0.088356
2	1.695000	-0.088934
2	1.700000	-0.089499
2	1.705000	-0.090050
2	1.710000	-0.090586
2	1.715000	-0.091108
2	1.720000	-0.091617
2	1.725000	-0.092110
2	1.730000	-0.092590
2	1.735000	-0.093055
2	1.740000	-0.093505
2	1.745000	-0.093941
2	1.750000	-0.094362
2	1.755000	-0.094769
2	1.760000	-0.095160
2	1.765000	-0.095537
2	1.770000	-0.095899
2	1.775000	-0.096246
2	1.780000	-0.096577
2	1.785000	-0.096894
2	1.790000	-0.097196
2	1.795000	-0.097482
2	1.800000	-0.097753
2	1.805000	-0.098009
2	1.810000	-0.098249
2	1.815000	-0.098475
2	1.820000	-0.098684
2	1.825000	-0.098879
2	1.830000	-0.099058
2	1.835000	-0.099221
2	1.840000	-0.099369
2	1.845000	-0.099502
2	1.850000	-0.099618
2	1.855000	-0.099720
2	1.860000	-0.099805
2	1.865000	-0.099876
2	1.870000	-0.099930
2	1.875000	-0.099969
2	1.880000	-0.099992
2	1.885000	-0.100000
2	1.890000	-0.099992
2	1.895000	-0.099968
2	1.900000	-0.099929
2	1.905000	-0.099874
2	1.910000	-0.099804
2	1.915000	-0.099718
2	1.920000	-0.099616
2	1.925000	-0.099499
2	1.930000	-0.099367
2	1.935000	-0.099218
2	1.940000	-0.099055
2	1.945000	-0.098875
2	1.950000	-0.098681
2	1.955000	-0.098471
2	1.960000	-0.098245
2	1.965000	-0.098004
2	1.970000	-0.097748
2	1.975000	-0.097477
2	1.980000	-0.097190
2	1.985000	-0.096888
2	1.990000	-0.096572
2	1.995000	-0.096240
2	2.000000	-0.095892
2	2.005000	-0.095530
2	2.010000	-0.095153
2	2.015000	-0.094762
2	2.020000	-0.094355
2	2.025000	-0.093933
2	2.030000	-0.093497
2	2.035000	-0.093047
2	2.040000	-0.092581
2	2.045000	-0.092102
2	2.050000	-0.091608
2	2.055000	-0.091099
2	2.060000	-0.090577
2	2.065000	-0.090040
2	2.070000	-0.089489
2	2.075000	-0.088924
2	2.080000	-0.088345
2	2.085000	-0.087753
2	2.090000	-0.087147
2	2.095000	-0.086527
2	2.100000	-0.085893
2	2.105000	-0.085247
2	2.110000	-0.084587
2	2.115000	-0.083913
2	2.120000	-0.083227
2	2.125000	-0.082527
2	2.130000	-0.081815
2	2.135000	-0.081090
2	2.140000	-0.080352
2	2.145000	-0.079602
2	2.150000	-0.078839
2	2.155000	-0.078064
2	2.160000	-0.077276
2	2.165000	-0.076477
2	2.170000	-0.075666
2	2.175000	-0.074843
2	2.180000	-0.074008
2	2.185000	-0.073161
2	2.190000	-0.072303
2	2.195000	-0.071434
2	2.200000	-0.070554
2	2.205000	-0.069663
2	2.210000	-0.068760
2	2.215000	-0.067848
2	2.220000	-0.066924
2	2.225000	-0.065990
2	2.230000	-0.065046
2	2.235000	-0.064091
2	2.240000	-0.063127
2	2.245000	-0.062152
2	2.250000	-0.061168
2	2.255000	-0.060175
2	2.260000	-0.059172
2	2.265000	-0.058159
2	2.270000	-0.057138
2	2.275000	-0.056108
2	2.280000	-0.055069
2	2.285000	-0.054021
2	2.290000	-0.052965
2	2.295000	-0.051900
2	2.300000	-0.050828
2	2.305000	-0.049747
2	2.310000	-0.048659
2	2.315000	-0.047563
2	2.320000	-0.046460
2	2.325000	-0.045350
2	2.330000	-0.044232
2	2.335000	-0.043108
2	2.340000	-0.041976
2	2.345000	-0.040839
2	2.350000	-0.039694
2	2.355000	-0.038544
2	2.360000	-0.037388
2	2.365000	-0.036225
2	2.370000	-0.035058
2	2.375000	-0.033884
2	2.380000	-0.032705
2	2.385000	-0.031522
2	2.390000	-0.030333
2	2.395000	-0.029140
2	2.400000	-0.027942
2	2.405000	-0.026739
2	2.410000	-0.025533
2	2.415000	-0.024322
2	2.420000	-0.023108
2	2.425000	-0.021890
2	2.430000	-0.020668
2	2.435000	-0.019444
2	2.440000	-0.018216
2	2.445000	-0.016986
2	2.450000	-0.015753
2	2.455000	-0.014517
2	2.460000	-0.013279
2	2.465000	-0.012039
2	2.470000	-0.010797
2	2.475000	-0.009554
2	2.480000	-0.008309
2	2.485000	-0.007063
2	2.490000	-0.005815
2	2.495000	-0.004567
2	2.500000	-0.003318
2	2.505000	-0.002068
2	2.510000	-0.000819
3	0.000000	0.000000
3	0.005000	0.001250
3	0.010000	0.002500
3	0.015000	0.003750
3	0.020000	0.004999
3	0.025000	0.006248
3	0.030000	0.007497
3	0.035000	0.008745
3	0.040000	0.009993
3	0.045000	0.011239
3	0.050000	0.012486
3	0.055000	0.013731
3	0.060000	0.014975
3	0.065000	0.016218
3	0.070000	0.017460
3	0.075000	0.018701
3	0.080000	0.019941
3	0.085000	0.021179
3	0.090000	0.022416
3	0.095000	0.023651
3	0.100000	0.024884
3	0.105000	0.026116
3	0.110000	0.027346
3	0.115000	0.028574
3	0.120000	0.029800
3	0.125000	0.031024
3	0.130000	0.032246
3	0.135000	0.033466
3	0.140000	0.034683
3	0.145000	0.035898
3	0.150000	0.037111
3	0.155000	0.038320
3	0.160000	0.039528
3	0.165000	0.040732
3	0.170000	0.041934
3	0.175000	0.043132
3	0.180000	0.044328
3	0.185000	0.045521
3	0.190000	0.046710
3	0.195000	0.047896
3	0.200000	0.049079
3	0.205000	0.050259
3	0.210000	0.051435
3	0.215000	0.052607
3	0.220000	0.053776
3	0.225000	0.054941
3	0.230000	0.056102
3	0.235000	0.057259
3	0.240000	0.058413
3	0.245000	0.059562
3	0.250000	0.060707
3	0.255000	0.061848
3	0.260000	0.062985
3	0.265000	0.064117
3	0.270000	0.065245
3	0.275000	0.066368
3	0.280000	0.067487
3	0.285000	0.068601
3	0.290000	0.069710
3	0.295000	0.070814
3	0.300000	0.071914
3	0.305000	0.073008
3	0.310000	0.074098
3	0.315000	0.075182
3	0.320000	0.076261
3	0.325000	0.077335
3	0.330000	0.078403
3	0.335000	0.079466
3	0.340000	0.080523
3	0.345000	0.081575
3	0.350000	0.082621
3	0.355000	0.083662
3	0.360000	0.084696
3	0.365000	0.085725
3	0.370000	0.086748
3	0.375000	0.087765
3	0.380000	0.088775
3	0.385000	0.089780
3	0.390000	0.090778
3	0.395000	0.091770
3	0.400000	0.092755
3	0.405000	0.093735
3	0.410000	0.094707
3	0.415000	0.095673
3	0.420000	0.096633
3	0.425000	0.097585
3	0.430000	0.098531
3	0.435000	0.099470
3	0.440000	0.100402
3	0.445000	0.101328
3	0.450000	0.102246
3	0.455000	0.103157
3	0.460000	0.104061
3	0.465000	0.104957
3	0.470000	0.105847
3	0.475000	0.106729
3	0.480000	0.107603
3	0.485000	0.108471
3	0.490000	0.109330
3	0.495000	0.110182
3	0.500000	0.111027
3	0.505000	0.111863
3	0.510000	0.112692
3	0.515000	0.113513
3	0.520000	0.114326
3	0.525000	0.115132
3	0.530000	0.115929
3	0.535000	0.116718
3	0.540000	0.117499
3	0.545000	0.118272
3	0.550000	0.119037
3	0.555000	0.119793
3	0.560000	0.120541
3	0.565000	0.121281
3	0.570000	0.122012
3	0.575000	0.122735
3	0.580000	0.123450
3	0.585000	0.124155
3	0.590000	0.124852
3	0.595000	0.125541
3	0.600000	0.126221
3	0.605000	0.126892
3	0.610000	0.127554
3	0.615000	0.128207
3	0.620000	0.128852
3	0.625000	0.129487
3	0.630000	0.130113
3	0.635000	0.130731
3	0.640000	0.131339
3	0.645000	0.131939
3	0.650000	0.132529
3	0.655000	0.133109
3	0.660000	0.133681
3	0.665000	0.134243
3	0.670000	0.134796
3	0.675000	0.135340
3	0.680000	0.135874
3	0.685000	0.136399
3	0.690000	0.136915
3	0.695000	0.137420
3	0.700000	0.137917
3	0.705000	0.138403
3	0.710000	0.138881
3	0.715000	0.139348
3	0.720000	0.139806
3	0.725000	0.140254
3	0.730000	0.140692
3	0.735000	0.141121
3	0.740000	0.141540
3	0.745000	0.141949
3	0.750000	0.142348
3	0.755000	0.142737
3	0.760000	0.143116
3	0.765000	0.143486
3	0.770000	0.143845
3	0.775000	0.144194
3	0.780000	0.144534
3	0.785000	0.144863
3	0.790000	0.145182
3	0.795000	0.145492
3	0.800000	0.145791
3	0.805000	0.146080
3	0.810000	0.146359
3	0.815000	0.146627
3	0.820000	0.146886
3	0.825000	0.147134
3	0.830000	0.147372
3	0.835000	0.147600
3	0.840000	0.147817
3	0.845000	0.148025
3	0.850000	0.148222
3	0.855000	0.148409
3	0.860000	0.148585
3	0.865000	0.148751
3	0.870000	0.148907
3	0.875000	0.149052
3	0.880000	0.149188
3	0.885000	0.149312
3	0.890000	0.149427
3	0.895000	0.149531
3	0.900000	0.149624
3	0.905000	0.149707
3	0.910000	0.149780
3	0.915000	0.149843
3	0.920000	0.149895
3	0.925000	0.149936
3	0.930000	0.149968
3	0.935000	0.149988
3	0.940000	0.149999
3	0.945000	0.149999
3	0.950000	0.149988
3	0.955000	0.149967
3	0.960000	0.149936
3	0.965000	0.149894
3	0.970000	0.149842
3	0.975000	0.149780
3	0.980000	0.149707
3	0.985000	0.149623
3	0.990000	0.149530
3	0.995000	0.149426
3	1.000000	0.149311
3	1.005000	0.149186
3	1.010000	0.149051
3	1.015000	0.148906
3	1.020000	0.148750
3	1.025000	0.148584
3	1.030000	0.148407
3	1.035000	0.148220
3	1.040000	0.148023
3	1.045000	0.147816
3	1.050000	0.147598
3	1.055000	0.147370
3	1.060000	0.147132
3	1.065000	0.146883
3	1.070000	0.146625
3	1.075000	0.146356
3	1.080000	0.146077
3	1.085000	0.145788
3	1.090000	0.145489
3	1.095000	0.145180
3	1.100000	0.144860
3	1.105000	0.144531
3	1.110000	0.144191
3	1.115000	0.143842
3	1.120000	0.143482
3	1.125000	0.143113
3	1.130000	0.142733
3	1.135000	0.142344
3	1.140000	0.141945
3	1.145000	0.141536
3	1.150000	0.141117
3	1.155000	0.140688
3	1.160000	0.140250
3	1.165000	0.139802
3	1.170000	0.139344
3	1.175000	0.138876
3	1.180000	0.138399
3	1.185000	0.137912
3	1.190000	0.137416
3	1.195000	0.136910
3	1.200000	0.136395
3	1.205000	0.135870
3	1.210000	0.135335
3	1.215000	0.134792
3	1.220000	0.134238
3	1.225000	0.133676
3	1.230000	0.133104
3	1.235000	0.132523
3	1.240000	0.131933
3	1.245000	0.131334
3	1.250000	0.130725
3	1.255000	0.130108
3	1.260000	0.129481
3	1.265000	0.128846
3	1.270000	0.128201
3	1.275000	0.127548
3	1.280000	0.126886
3	1.285000	0.126215
3	1.290000	0.125535
3	1.295000	0.124846
3	1.300000	0.124149
3	1.305000	0.123443
3	1.310000	0.122729
3	1.315000	0.122006
3	1.320000	0.121274
3	1.325000	0.120535
3	1.330000	0.119786
3	1.335000	0.119030
3	1.340000	0.118265
3	1.345000	0.117492
3	1.350000	0.116711
3	1.355000	0.115922
3	1.360000	0.115124
3	1.365000	0.114319
3	1.370000	0.113506
3	1.375000	0.112685
3	1.380000	0.111856
3	1.385000	0.111019
3	1.390000	0.110175
3	1.395000	0.109323
3	1.400000	0.108463
3	1.405000	0.107596
3	1.410000	0.106721
3	1.415000	0.105839
3	1.420000	0.104949
3	1.425000	0.104053
3	1.430000	0.103149
3	1.435000	0.102238
3	1.440000	0.101319
3	1.445000	0.100394
3	1.450000	0.099462
3	1.455000	0.098523
3	1.460000	0.097577
3	1.465000	0.096624
3	1.470000	0.095665
3	1.475000	0.094699
3	1.480000	0.093726
3	1.485000	0.092747
3	1.490000	0.091761
3	1.495000	0.090769
3	1.500000	0.089771
3	1.505000	0.088766
3	1.510000	0.087756
3	1.515000	0.086739
3	1.520000	0.085716
3	1.525000	0.084687
3	1.530000	0.083653
3	1.535000	0.082612
3	1.540000	0.081566
3	1.545000	0.080514
3	1.550000	0.079457
3	1.555000	0.078394
3	1.560000	0.077325
3	1.565000	0.076251
3	1.570000	0.075172
3	1.575000	0.074088
3	1.580000	0.072999
3	1.585000	0.071904
3	1.590000	0.070805
3	1.595000	0.069700
3	1.600000	0.068591
3	1.605000	0.067477
3	1.610000	0.066358
3	1.615000	0.065235
3	1.620000	0.064107
3	1.625000	0.062975
3	1.630000	0.061838
3	1.635000	0.060697
3	1.640000	0.059552
3	1.645000	0.058403
3	1.650000	0.057249
3	1.655000	0.056092
3	1.660000	0.054931
3	1.665000	0.053765
3	1.670000	0.052597
3	1.675000	0.051424
3	1.680000	0.050248
3	1.685000	0.049069
3	1.690000	0.047886
3	1.695000	0.046700
3	1.700000	0.045510
3	1.705000	0.044317
3	1.710000	0.043122
3	1.715000	0.041923
3	1.720000	0.040721
3	1.725000	0.039517
3	1.730000	0.038310
3	1.735000	0.037100
3	1.740000	0.035887
3	1.745000	0.034672
3	1.750000	0.033455
3	1.755000	0.032235
3	1.760000	0.031014
3	1.765000	0.029790
3	1.770000	0.028563
3	1.775000	0.027335
3	1.780000	0.026105
3	1.785000	0.024873
3	1.790000	0.023640
3	1.795000	0.022405
3	1.800000	0.021168
3	1.805000	0.019930
3	1.810000	0.018690
3	1.815000	0.017449
3	1.820000	0.016207
3	1.825000	0.014964
3	1.830000	0.013720
3	1.835000	0.012474
3	1.840000	0.011228
3	1.845000	0.009982
3	1.850000	0.008734
3	1.855000	0.007486
3	1.860000	0.006237
3	1.865000	0.004988
3	1.870000	0.003739
3	1.875000	0.002489
3	1.880000	0.001239
3	1.885000	-0.000011
3	1.890000	-0.001261
3	1.895000	-0.002511
3	1.900000	-0.003761
3	1.905000	-0.005010
3	1.910000	-0.006259
3	1.915000	-0.007508
3	1.920000	-0.008756
3	1.925000	-0.010004
3	1.930000	-0.011251
3	1.935000	-0.012497
3	1.940000	-0.013742
3	1.945000	-0.014986
3	1.950000	-0.016229
3	1.955000	-0.017471
3	1.960000	-0.018712
3	1.965000	-0.019952
3	1.970000	-0.021190
3	1.975000	-0.022427
3	1.980000	-0.023662
3	1.985000	-0.024895
3	1.990000	-0.026127
3	1.995000	-0.027357
3	2.000000	-0.028585
3	2.005000	-0.029811
3	2.010000	-0.031035
3	2.015000	-0.032257
3	2.020000	-0.033477
3	2.025000	-0.034694
3	2.030000	-0.035909
3	2.035000	-0.037121
3	2.040000	-0.038331
3	2.045000	-0.039538
3	2.050000	-0.040743
3	2.055000	-0.041944
3	2.060000	-0.043143
3	2.065000	-0.044339
3	2.070000	-0.045531
3	2.075000	-0.046721
3	2.080000	-0.047907
3	2.085000	-0.049090
3	2.090000	-0.050269
3	2.095000	-0.051445
3	2.100000	-0.052617
3	2.105000	-0.053786
3	2.110000	-0.054951
3	2.115000	-0.056112
3	2.120000	-0.057270
3	2.125000	-0.058423
3	2.130000	-0.059572
3	2.135000	-0.060717
3	2.140000	-0.061858
3	2.145000	-0.062995
3	2.150000	-0.064127
3	2.155000	-0.065255
3	2.160000	-0.066378
3	2.165000	-0.067497
3	2.170000	-0.068611
3	2.175000	-0.069720
3	2.180000	-0.070824
3	2.185000	-0.071924
3	2.190000	-0.073018
3	2.195000	-0.074107
3	2.200000	-0.075192
3	2.205000	-0.076271
3	2.210000	-0.077344
3	2.215000	-0.078413
3	2.220000	-0.079475
3	2.225000	-0.080533
3	2.230000	-0.081585
3	2.235000	-0.082631
3	2.240000	-0.083671
3	2.245000	-0.084706
3	2.250000	-0.085734
3	2.255000	-0.086757
3	2.260000	-0.087774
3	2.265000	-0.088784
3	2.270000	-0.089789
3	2.275000	-0.090787
3	2.280000	-0.091779
3	2.285000	-0.092764
3	2.290000	-0.093743
3	2.295000	-0.094716
3	2.300000	-0.095682
3	2.305000	-0.096641
3	2.310000	-0.097594
3	2.315000	-0.098540
3	2.320000	-0.099479
3	2.325000	-0.100411
3	2.330000	-0.101336
3	2.335000	-0.102254
3	2.340000	-0.103165
3	2.345000	-0.104069
3	2.350000	-0.104965
3	2.355000	-0.105855
3	2.360000	-0.106737
3	2.365000	-0.107611
3	2.370000	-0.108478
3	2.375000	-0.109338
3	2.380000	-0.110190
3	2.385000	-0.111034
3	2.390000	-0.111871
3	2.395000	-0.112699
3	2.400000	-0.113520
3	2.405000	-0.114333
3	2.410000	-0.115139
3	2.415000	-0.115936
3	2.420000	-0.116725
3	2.425000	-0.117506
3	2.430000	-0.118279
3	2.435000	-0.119043
3	2.440000	-0.119800
3	2.445000	-0.120548
3	2.450000	-0.121288
3	2.455000	-0.122019
3	2.460000	-0.122742
3	2.465000	-0.123456
3	2.470000	-0.124162
3	2.475000	-0.124859
3	2.480000	-0.125547
3	2.485000	-0.126227
3	2.490000	-0.126898
3	2.495000	-0.127560
3	2.500000	-0.128213
3	2.505000	-0.128857
3	2.510000	-0.129493
3	2.515000	-0.130119
3	2.520000	-0.130736
3	2.525000	-0.131345
3	2.530000	-0.131944
3	2.535000	-0.132534
3	2.540000	-0.133115
3	2.545000	-0.133686
3	2.550000	-0.134248
3	2.555000	-0.134801
3	2.560000	-0.135345
3	2.565000	-0.135879
3	2.570000	-0.136404
3	2.575000	-0.136919
3	2.580000	-0.137425
3	2.585000	-0.137921
3	2.590000	-0.138408
3	2.595000	-0.138885
3	2.600000	-0.139352
3	2.605000	-0.139810
3	2.610000	-0.140258
3	2.615000	-0.140696
3	2.620000	-0.141125
3	2.625000	-0.141543
3	2.630000	-0.141952
3	2.635000	-0.142351
3	2.640000	-0.142740
3	2.645000	-0.143120
3	2.650000	-0.143489
3	2.655000	-0.143848
3	2.660000	-0.144197
3	2.665000	-0.144537
3	2.670000	-0.144866
3	2.675000	-0.145185
3	2.680000	-0.145494
3	2.685000	-0.145793
3	2.690000	-0.146082
3	2.695000	-0.146361
3	2.700000	-0.146630
3	2.705000	-0.146888
3	2.710000	-0.147136
3	2.715000	-0.147374
3	2.720000	-0.147602
3	2.725000	-0.147819
3	2.730000	-0.148027
3	2.735000	-0.148224
3	2.740000	-0.148410
3	2.745000	-0.148587
3	2.750000	-0.148753
3	2.755000	-0.148908
3	2.760000	-0.149054
3	2.765000	-0.149189
3	2.770000	-0.149313
3	2.775000	-0.149428
3	2.780000	-0.149532
3	2.785000	-0.149625
3	2.790000	-0.149708
3	2.795000	-0.149781
3	2.800000	-0.149843
3	2.805000	-0.149895
3	2.810000	-0.149937
3	2.815000	-0.149968
3	2.820000	-0.149988
3	2.825000	-0.149999
3	2.830000	-0.149999
3	2.835000	-0.149988
3	2.840000	-0.149967
3	2.845000	-0.149936
3	2.850000	-0.149894
3	2.855000	-0.149842
3	2.860000	-0.149779
3	2.865000	-0.149706
3	2.870000	-0.149623
3	2.875000	-0.149529
3	2.880000	-0.149425
3	2.885000	-0.149310
3	2.890000	-0.149185
3	2.895000	-0.149050
3	2.900000	-0.148904
3	2.905000	-0.148748
3	2.910000	-0.148582
3	2.915000	-0.148405
3	2.920000	-0.148218
3	2.925000	-0.148021
3	2.930000	-0.147814
3	2.935000	-0.147596
3	2.940000	-0.147368
3	2.945000	-0.147130
3	2.950000	-0.146881
3	2.955000	-0.146622
3	2.960000	-0.146354
3	2.965000	-0.146075
3	2.970000	-0.145785
3	2.975000	-0.145486
3	2.980000	-0.145177
3	2.985000	-0.144857
3	2.990000	-0.144528
3	2.995000	-0.144188
3	3.000000	-0.143839
3	3.005000	-0.143479
3	3.010000	-0.143110
3	3.015000	-0.142730
3	3.020000	-0.142341
3	3.025000	-0.141941
3	3.030000	-0.141532
3	3.035000	-0.141113
3	3.040000	-0.140685
3	3.045000	-0.140246
3	3.050000	-0.139798
3	3.055000	-0.139340
3	3.060000	-0.138872
3	3.065000	-0.138395
3	3.070000	-0.137908
3	3.075000	-0.137412
3	3.080000	-0.136906
3	3.085000	-0.136390
3	3.090000	-0.135865
3	3.095000	-0.135331
3	3.100000	-0.134787
3	3.105000	-0.134234
3	3.110000	-0.133671
3	3.115000	-0.133099
3	3.120000	-0.132518
3	3.125000	-0.131928
3	3.130000	-0.131329
3	3.135000	-0.130720
3	3.140000	-0.130102
3	3.145000	-0.129476
3	3.150000	-0.128840
3	3.155000	-0.128196
3	3.160000	-0.127542
3	3.165000	-0.126880
3	3.170000	-0.126209
3	3.175000	-0.125529
3	3.180000	-0.124840
3	3.185000	-0.124143
3	3.190000	-0.123437
3	3.195000	-0.122722
3	3.200000	-0.121999
3	3.205000	-0.121268
3	3.210000	-0.120528
3	3.215000	-0.119780
3	3.220000	-0.119023
3	3.225000	-0.118258
3	3.230000	-0.117485
3	3.235000	-0.116704
3	3.240000	-0.115915
3	3.245000	-0.115117
3	3.250000	-0.114312
3	3.255000	-0.113499
3	3.260000	-0.112677
3	3.265000	-0.111848
3	3.270000	-0.111012
3	3.275000	-0.110167
3	3.280000	-0.109315
3	3.285000	-0.108455
3	3.290000	-0.107588
3	3.295000	-0.106713
3	3.300000	-0.105831
3	3.305000	-0.104942
3	3.310000	-0.104045
3	3.315000	-0.103141
3	3.320000	-0.102230
3	3.325000	-0.101311
3	3.330000	-0.100386
3	3.335000	-0.099454
3	3.340000	-0.098515
3	3.345000	-0.097568
3	3.350000	-0.096616
3	3.355000	-0.095656
3	3.360000	-0.094690
3	3.365000	-0.093717
3	3.370000	-0.092738
3	3.375000	-0.091752
3	3.380000	-0.090760
3	3.385000	-0.089762
3	3.390000	-0.088757
3	3.395000	-0.087747
3	3.400000	-0.086730
3	3.405000	-0.085707
3	3.410000	-0.084678
3	3.415000	-0.083643
3	3.420000	-0.082603
3	3.425000	-0.081557
3	3.430000	-0.080505
3	3.435000	-0.079447
3	3.440000	-0.078384
3	3.445000	-0.077316
3	3.450000	-0.076242
3	3.455000	-0.075163
3	3.460000	-0.074078
3	3.465000	-0.072989
3	3.470000	-0.071894
3	3.475000	-0.070795
3	3.480000	-0.069690
3	3.485000	-0.068581
3	3.490000	-0.067467
3	3.495000	-0.066348
3	3.500000	-0.065225
3	3.505000	-0.064097
3	3.510000	-0.062965
3	3.515000	-0.061828
3	3.520000	-0.060687
3	3.525000	-0.059542
3	3.530000	-0.058392
3	3.535000	-0.057239
3	3.540000	-0.056081
3	3.545000	-0.054920
3	3.550000	-0.053755
3	3.555000	-0.052586
3	3.560000	-0.051414
3	3.565000	-0.050238
3	3.570000	-0.049058
3	3.575000	-0.047875
3	3.580000	-0.046689
3	3.585000	-0.045499
3	3.590000	-0.044307
3	3.595000	-0.043111
3	3.600000	-0.041912
3	3.605000	-0.040711
3	3.610000	-0.039506
3	3.615000	-0.038299
3	3.620000	-0.037089
3	3.625000	-0.035877
3	3.630000	-0.034662
3	3.635000	-0.033444
3	3.640000	-0.032225
3	3.645000	-0.031003
3	3.650000	-0.029779
3	3.655000	-0.028552
3	3.660000	-0.027324
3	3.665000	-0.026094
3	3.670000	-0.024863
3	3.675000	-0.023629
3	3.680000	-0.022394
3	3.685000	-0.021157
3	3.690000	-0.019919
3	3.695000	-0.018679
3	3.700000	-0.017438
3	3.705000	-0.016196
3	3.710000	-0.014953
3	3.715000	-0.013709
3	3.720000	-0.012463
3	3.725000	-0.011217
3	3.730000	-0.009970
3	3.735000	-0.008723
3	3.740000	-0.007475
3	3.745000	-0.006226
3	3.750000	-0.004977
3	3.755000	-0.003727
3	3.760000	-0.002478
3	3.765000	-0.001228
4	0.000000	0.000000
4	0.005000	0.002500
4	0.010000	0.004998
4	0.015000	0.007493
4	0.020000	0.009983
4	0.025000	0.012467
4	0.030000	0.014944
4	0.035000	0.017411
4	0.040000	0.019867
4	0.045000	0.022311
4	0.050000	0.024740
4	0.055000	0.027155
4	0.060000	0.029552
4	0.065000	0.031931
4	0.070000	0.034290
4	0.075000	0.036627
4	0.080000	0.038942
4	0.085000	0.041232
4	0.090000	0.043497
4	0.095000	0.045734
4	0.100000	0.047943
4	0.105000	0.050121
4	0.110000	0.052269
4	0.115000	0.054383
4	0.120000	0.056464
4	0.125000	0.058510
4	0.130000	0.060519
4	0.135000	0.062490
4	0.140000	0.064422
4	0.145000	0.066314
4	0.150000	0.068164
4	0.155000	0.069972
4	0.160000	0.071736
4	0.165000	0.073455
4	0.170000	0.075128
4	0.175000	0.076754
4	0.180000	0.078333
4	0.185000	0.079862
4	0.190000	0.081342
4	0.195000	0.082770
4	0.200000	0.084147
4	0.205000	0.085471
4	0.210000	0.086742
4	0.215000	0.087959
4	0.220000	0.089121
4	0.225000	0.090227
4	0.230000	0.091276
4	0.235000	0.092269
4	0.240000	0.093204
4	0.245000	0.094081
4	0.250000	0.094898
4	0.255000	0.095657
4	0.260000	0.096356
4	0.265000	0.096994
4	0.270000	0.097572
4	0.275000	0.098089
4	0.280000	0.098545
4	0.285000	0.098939
4	0.290000	0.099271
4	0.295000	0.099542
4	0.300000	0.099749
4	0.305000	0.099895
4	0.310000	0.099978
4	0.315000	0.099999
4	0.320000	0.099957
4	0.325000	0.099853
4	0.330000	0.099687
4	0.335000	0.099458
4	0.340000	0.099166
4	0.345000	0.098813
4	0.350000	0.098399
4	0.355000	0.097922
4	0.360000	0.097385
4	0.365000	0.096786
4	0.370000	0.096128
4	0.375000	0.095409
4	0.380000	0.094630
4	0.385000	0.093792
4	0.390000	0.092896
4	0.395000	0.091942
4	0.400000	0.090930
4	0.405000	0.089861
4	0.410000	0.088736
4	0.415000	0.087556
4	0.420000	0.086321
4	0.425000	0.085032
4	0.430000	0.083690
4	0.435000	0.082295
4	0.440000	0.080850
4	0.445000	0.079353
4	0.450000	0.077807
4	0.455000	0.076213
4	0.460000	0.074571
4	0.465000	0.072882
4	0.470000	0.071147
4	0.475000	0.069369
4	0.480000	0.067546
4	0.485000	0.065682
4	0.490000	0.063776
4	0.495000	0.061831
4	0.500000	0.059847
4	0.505000	0.057826
4	0.510000	0.055768
4	0.515000	0.053676
4	0.520000	0.051550
4	0.525000	0.049392
4	0.530000	0.047203
4	0.535000	0.044985
4	0.540000	0.042738
4	0.545000	0.040465
4	0.550000	0.038166
4	0.555000	0.035844
4	0.560000	0.033499
4	0.565000	0.031133
4	0.570000	0.028748
4	0.575000	0.026345
4	0.580000	0.023925
4	0.585000	0.021490
4	0.590000	0.019042
4	0.595000	0.016582
4	0.600000	0.014112
4	0.605000	0.011633
4	0.610000	0.009146
4	0.615000	0.006654
4	0.620000	0.004158
4	0.625000	0.001659
4	0.630000	-0.000841
4	0.635000	-0.003340
4	0.640000	-0.005837
4	0.645000	-0.008331
4	0.650000	-0.010820
4	0.655000	-0.013301
4	0.660000	-0.015775
4	0.665000	-0.018238
4	0.670000	-0.020690
4	0.675000	-0.023129
4	0.680000	-0.025554
4	0.685000	-0.027963
4	0.690000	-0.030354
4	0.695000	-0.032726
4	0.700000	-0.035078
4	0.705000	-0.037408
4	0.710000	-0.039715
4	0.715000	-0.041997
4	0.720000	-0.044252
4	0.725000	-0.046480
4	0.730000	-0.048679
4	0.735000	-0.050847
4	0.740000	-0.052984
4	0.745000	-0.055087
4	0.750000	-0.057156
4	0.755000	-0.059189
4	0.760000	-0.061186
4	0.765000	-0.063144
4	0.770000	-0.065063
4	0.775000	-0.066940
4	0.780000	-0.068777
4	0.785000	-0.070570
4	0.790000	-0.072319
4	0.795000	-0.074023
4	0.800000	-0.075680
4	0.805000	-0.077291
4	0.810000	-0.078853
4	0.815000	-0.080365
4	0.820000	-0.081828
4	0.825000	-0.083239
4	0.830000	-0.084598
4	0.835000	-0.085905
4	0.840000	-0.087158
4	0.845000	-0.088356
4	0.850000	-0.089499
4	0.855000	-0.090586
4	0.860000	-0.091617
4	0.865000	-0.092590
4	0.870000	-0.093505
4	0.875000	-0.094362
4	0.880000	-0.095160
4	0.885000	-0.095899
4	0.890000	-0.096577
4	0.895000	-0.097196
4	0.900000	-0.097753
4	0.905000	-0.098249
4	0.910000	-0.098684
4	0.915000	-0.099058
4	0.920000	-0.099369
4	0.925000	-0.099618
4	0.930000	-0.099805
4	0.935000	-0.099930
4	0.940000	-0.099992
4	0.945000	-0.099992
4	0.950000	-0.099929
4	0.955000	-0.099804
4	0.960000	-0.099616
4	0.965000	-0.099367
4	0.970000	-0.099055
4	0.975000	-0.098681
4	0.980000	-0.098245
4	0.985000	-0.097748
4	0.990000	-0.097190
4	0.995000	-0.096572
4	1.000000	-0.095892
4	1.005000	-0.095153
4	1.010000	-0.094355
4	1.015000	-0.093497
4	1.020000	-0.092581
4	1.025000	-0.091608
4	1.030000	-0.090577
4	1.035000	-0.089489
4	1.040000	-0.088345
4	1.045000	-0.087147
4	1.050000	-0.085893
4	1.055000	-0.084587
4	1.060000	-0.083227
4	1.065000	-0.081815
4	1.070000	-0.080352
4	1.075000	-0.078839
4	1.080000	-0.077276
4	1.085000	-0.075666
4	1.090000	-0.074008
4	1.095000	-0.072303
4	1.100000	-0.070554
4	1.105000	-0.068760
4	1.110000	-0.066924
4	1.115000	-0.065046
4	1.120000	-0.063127
4	1.125000	-0.061168
4	1.130000	-0.059172
4	1.135000	-0.057138
4	1.140000	-0.055069
4	1.145000	-0.052965
4	1.150000	-0.050828
4	1.155000	-0.048659
4	1.160000	-0.046460
4	1.165000	-0.044232
4	1.170000	-0.041976
4	1.175000	-0.039694
4	1.180000	-0.037388
4	1.185000	-0.035058
4	1.190000	-0.032705
4	1.195000	-0.030333
4	1.200000	-0.027942
4	1.205000	-0.025533
4	1.210000	-0.023108
4	1.215000	-0.020668
4	1.220000	-0.018216
4	1.225000	-0.015753
4	1.230000	-0.013279
4	1.235000	-0.010797
4	1.240000	-0.008309
4	1.245000	-0.005815
4	1.250000	-0.003318
4	1.255000	-0.000819
5	0.000000	0.000000
5	0.005000	0.002500
5	0.010000	0.004999
5	0.015000	0.007498
5	0.020000	0.009996
5	0.025000	0.012492
5	0.030000	0.014986
5	0.035000	0.017478
5	0.040000	0.019967
5	0.045000	0.022453
5	0.050000	0.024935
5	0.055000	0.027413
5	0.060000	0.029888
5	0.065000	0.032357
5	0.070000	0.034822
5	0.075000	0.037281
5	0.080000	0.039734
5	0.085000	0.042181
5	0.090000	0.044621
5	0.095000	0.047055
5	0.100000	0.049481
5	0.105000	0.051899
5	0.110000	0.054309
5	0.115000	0.056711
5	0.120000	0.059104
5	0.125000	0.061488
5	0.130000	0.063862
5	0.135000	0.066226
5	0.140000	0.068580
5	0.145000	0.070923
5	0.150000	0.073255
5	0.155000	0.075575
5	0.160000	0.077884
5	0.165000	0.080180
5	0.170000	0.082464
5	0.175000	0.084735
5	0.180000	0.086993
5	0.185000	0.089237
5	0.190000	0.091468
5	0.195000	0.093684
5	0.200000	0.095885
5	0.205000	0.098072
5	0.210000	0.100243
5	0.215000	0.102398
5	0.220000	0.104537
5	0.225000	0.106661
5	0.230000	0.108767
5	0.235000	0.110856
5	0.240000	0.112928
5	0.245000	0.114983
5	0.250000	0.117019
5	0.255000	0.119038
5	0.260000	0.121037
5	0.265000	0.123018
5	0.270000	0.124979
5	0.275000	0.126921
5	0.280000	0.128844
5	0.285000	0.130746
5	0.290000	0.132627
5	0.295000	0.134488
5	0.300000	0.136328
5	0.305000	0.138146
5	0.310000	0.139943
5	0.315000	0.141718
5	0.320000	0.143471
5	0.325000	0.145202
5	0.330000	0.146910
5	0.335000	0.148594
5	0.340000	0.150256
5	0.345000	0.151894
5	0.350000	0.153509
5	0.355000	0.155099
5	0.360000	0.156665
5	0.365000	0.158207
5	0.370000	0.159724
5	0.375000	0.161216
5	0.380000	0.162683
5	0.385000	0.164125
5	0.390000	0.165540
5	0.395000	0.166930
5	0.400000	0.168294
5	0.405000	0.169632
5	0.410000	0.170943
5	0.415000	0.172227
5	0.420000	0.173485
5	0.425000	0.174715
5	0.430000	0.175918
5	0.435000	0.177094
5	0.440000	0.178241
5	0.445000	0.179362
5	0.450000	0.180454
5	0.455000	0.181517
5	0.460000	0.182553
5	0.465000	0.183560
5	0.470000	0.184538
5	0.475000	0.185487
5	0.480000	0.186408
5	0.485000	0.187299
5	0.490000	0.188161
5	0.495000	0.188994
5	0.500000	0.189797
5	0.505000	0.190570
5	0.510000	0.191314
5	0.515000	0.192028
5	0.520000	0.192712
5	0.525000	0.193365
5	0.530000	0.193989
5	0.535000	0.194582
5	0.540000	0.195145
5	0.545000	0.195677
5	0.550000	0.196179
5	0.555000	0.196650
5	0.560000	0.197090
5	0.565000	0.197499
5	0.570000	0.197878
5	0.575000	0.198226
5	0.580000	0.198543
5	0.585000	0.198828
5	0.590000	0.199083
5	0.595000	0.199307
5	0.600000	0.199499
5	0.605000	0.199660
5	0.610000	0.199790
5	0.615000	0.199889
5	0.620000	0.199957
5	0.625000	0.199993
5	0.630000	0.199998
5	0.635000	0.199972
5	0.640000	0.199915
5	0.645000	0.199826
5	0.650000	0.199706
5	0.655000	0.199555
5	0.660000	0.199373
5	0.665000	0.199160
5	0.670000	0.198915
5	0.675000	0.198640
5	0.680000	0.198333
5	0.685000	0.197995
5	0.690000	0.197627
5	0.695000	0.197227
5	0.700000	0.196797
5	0.705000	0.196336
5	0.710000	0.195845
5	0.715000	0.195322
5	0.720000	0.194770
5	0.725000	0.194186
5	0.730000	0.193573
5	0.735000	0.192929
5	0.740000	0.192255
5	0.745000	0.191551
5	0.750000	0.190817
5	0.755000	0.190053
5	0.760000	0.189260
5	0.765000	0.188437
5	0.770000	0.187585
5	0.775000	0.186703
5	0.780000	0.185792
5	0.785000	0.184852
5	0.790000	0.183883
5	0.795000	0.182886
5	0.800000	0.181859
5	0.805000	0.180805
5	0.810000	0.179722
5	0.815000	0.178611
5	0.820000	0.177472
5	0.825000	0.176306
5	0.830000	0.175112
5	0.835000	0.173890
5	0.840000	0.172642
5	0.845000	0.171366
5	0.850000	0.170064
5	0.855000	0.168735
5	0.860000	0.167380
5	0.865000	0.165998
5	0.870000	0.164591
5	0.875000	0.163158
5	0.880000	0.161699
5	0.885000	0.160215
5	0.890000	0.158707
5	0.895000	0.157173
5	0.900000	0.155615
5	0.905000	0.154032
5	0.910000	0.152425
5	0.915000	0.150795
5	0.920000	0.149141
5	0.925000	0.147464
5	0.930000	0.145763
5	0.935000	0.144040
5	0.940000	0.142295
5	0.945000	0.140527
5	0.950000	0.138737
5	0.955000	0.136926
5	0.960000	0.135093
5	0.965000	0.133239
5	0.970000	0.131364
5	0.975000	0.129469
5	0.980000	0.127553
5	0.985000	0.125617
5	0.990000	0.123662
5	0.995000	0.121688
5	1.000000	0.119694
5	1.005000	0.117682
5	1.010000	0.115652
5	1.015000	0.113603
5	1.020000	0.111537
5	1.025000	0.109453
5	1.030000	0.107352
5	1.035000	0.105234
5	1.040000	0.103100
5	1.045000	0.100950
5	1.050000	0.098784
5	1.055000	0.096603
5	1.060000	0.094406
5	1.065000	0.092195
5	1.070000	0.089969
5	1.075000	0.087729
5	1.080000	0.085476
5	1.085000	0.083209
5	1.090000	0.080929
5	1.095000	0.078637
5	1.100000	0.076332
5	1.105000	0.074016
5	1.110000	0.071687
5	1.115000	0.069348
5	1.120000	0.066998
5	1.125000	0.064637
5	1.130000	0.062266
5	1.135000	0.059886
5	1.140000	0.057496
5	1.145000	0.055097
5	1.150000	0.052689
5	1.155000	0.050273
5	1.160000	0.047850
5	1.165000	0.045419
5	1.170000	0.042981
5	1.175000	0.040536
5	1.180000	0.038085
5	1.185000	0.035627
5	1.190000	0.033165
5	1.195000	0.030697
5	1.200000	0.028224
5	1.205000	0.025747
5	1.210000	0.023266
5	1.215000	0.020781
5	1.220000	0.018293
5	1.225000	0.015802
5	1.230000	0.013309
5	1.235000	0.010813
5	1.240000	0.008316
5	1.245000	0.005818
5	1.250000	0.003318
5	1.255000	0.000819
5	1.260000	-0.001681
5	1.265000	-0.004181
5	1.270000	-0.006680
5	1.275000	-0.009178
5	1.280000	-0.011675
5	1.285000	-0.014170
5	1.290000	-0.016662
5	1.295000	-0.019152
5	1.300000	-0.021639
5	1.305000	-0.024123
5	1.310000	-0.026602
5	1.315000	-0.029078
5	1.320000	-0.031549
5	1.325000	-0.034015
5	1.330000	-0.036476
5	1.335000	-0.038931
5	1.340000	-0.041380
5	1.345000	-0.043823
5	1.350000	-0.046259
5	1.355000	-0.048687
5	1.360000	-0.051108
5	1.365000	-0.053521
5	1.370000	-0.055926
5	1.375000	-0.058322
5	1.380000	-0.060708
5	1.385000	-0.063086
5	1.390000	-0.065453
5	1.395000	-0.067810
5	1.400000	-0.070157
5	1.405000	-0.072492
5	1.410000	-0.074817
5	1.415000	-0.077129
5	1.420000	-0.079430
5	1.425000	-0.081718
5	1.430000	-0.083993
5	1.435000	-0.086255
5	1.440000	-0.088504
5	1.445000	-0.090739
5	1.450000	-0.092960
5	1.455000	-0.095166
5	1.460000	-0.097357
5	1.465000	-0.099533
5	1.470000	-0.101694
5	1.475000	-0.103839
5	1.480000	-0.105967
5	1.485000	-0.108079
5	1.490000	-0.110174
5	1.495000	-0.112252
5	1.500000	-0.114312
5	1.505000	-0.116355
5	1.510000	-0.118379
5	1.515000	-0.120385
5	1.520000	-0.122372
5	1.525000	-0.124339
5	1.530000	-0.126288
5	1.535000	-0.128216
5	1.540000	-0.130125
5	1.545000	-0.132013
5	1.550000	-0.133881
5	1.555000	-0.135728
5	1.560000	-0.137553
5	1.565000	-0.139357
5	1.570000	-0.141140
5	1.575000	-0.142900
5	1.580000	-0.144638
5	1.585000	-0.146353
5	1.590000	-0.148045
5	1.595000	-0.149715
5	1.600000	-0.151360
5	1.605000	-0.152983
5	1.610000	-0.154581
5	1.615000	-0.156155
5	1.620000	-0.157705
5	1.625000	-0.159230
5	1.630000	-0.160730
5	1.635000	-0.162206
5	1.640000	-0.163655
5	1.645000	-0.165080
5	1.650000	-0.166478
5	1.655000	-0.167851
5	1.660000	-0.169197
5	1.665000	-0.170517
5	1.670000	-0.171810
5	1.675000	-0.173076
5	1.680000	-0.174315
5	1.685000	-0.175527
5	1.690000	-0.176712
5	1.695000	-0.177869
5	1.700000	-0.178998
5	1.705000	-0.180099
5	1.710000	-0.181172
5	1.715000	-0.182217
5	1.720000	-0.183233
5	1.725000	-0.184221
5	1.730000	-0.185180
5	1.735000	-0.186110
5	1.740000	-0.187011
5	1.745000	-0.187882
5	1.750000	-0.188724
5	1.755000	-0.189537
5	1.760000	-0.190320
5	1.765000	-0.191074
5	1.770000	-0.191797
5	1.775000	-0.192491
5	1.780000	-0.193155
5	1.785000	-0.193788
5	1.790000	-0.194391
5	1.795000	-0.194964
5	1.800000	-0.195506
5	1.805000	-0.196018
5	1.810000	-0.196499
5	1.815000	-0.196949
5	1.820000	-0.197369
5	1.825000	-0.197758
5	1.830000	-0.198115
5	1.835000	-0.198442
5	1.840000	-0.198738
5	1.845000	-0.199003
5	1.850000	-0.199237
5	1.855000	-0.199439
5	1.860000	-0.199611
5	1.865000	-0.199751
5	1.870000	-0.199860
5	1.875000	-0.199938
5	1.880000	-0.199985
5	1.885000	-0.200000
5	1.890000	-0.199984
5	1.895000	-0.199937
5	1.900000	-0.199859
5	1.905000	-0.199749
5	1.910000	-0.199608
5	1.915000	-0.199436
5	1.920000	-0.199233
5	1.925000	-0.198999
5	1.930000	-0.198733
5	1.935000	-0.198437
5	1.940000	-0.198109
5	1.945000	-0.197751
5	1.950000	-0.197362
5	1.955000	-0.196941
5	1.960000	-0.196491
5	1.965000	-0.196009
5	1.970000	-0.195497
5	1.975000	-0.194954
5	1.980000	-0.194381
5	1.985000	-0.193777
5	1.990000	-0.193143
5	1.995000	-0.192479
5	2.000000	-0.191785
5	2.005000	-0.191061
5	2.010000	-0.190307
5	2.015000	-0.189523
5	2.020000	-0.188710
5	2.025000	-0.187867
5	2.030000	-0.186995
5	2.035000	-0.186093
5	2.040000	-0.185163
5	2.045000	-0.184204
5	2.050000	-0.183215
5	2.055000	-0.182199
5	2.060000	-0.181153
5	2.065000	-0.180080
5	2.070000	-0.178978
5	2.075000	-0.177848
5	2.080000	-0.176691
5	2.085000	-0.175506
5	2.090000	-0.174293
5	2.095000	-0.173054
5	2.100000	-0.171787
5	2.105000	-0.170493
5	2.110000	-0.169173
5	2.115000	-0.167826
5	2.120000	-0.166453
5	2.125000	-0.165055
5	2.130000	-0.163630
5	2.135000	-0.162180
5	2.140000	-0.160704
5	2.145000	-0.159203
5	2.150000	-0.157678
5	2.155000	-0.156128
5	2.160000	-0.154553
5	2.165000	-0.152954
5	2.170000	-0.151331
5	2.175000	-0.149685
5	2.180000	-0.148015
5	2.185000	-0.146323
5	2.190000	-0.144607
5	2.195000	-0.142869
5	2.200000	-0.141108
5	2.205000	-0.139325
5	2.210000	-0.137521
5	2.215000	-0.135695
5	2.220000	-0.133848
5	2.225000	-0.131980
5	2.230000	-0.130091
5	2.235000	-0.128182
5	2.240000	-0.126253
5	2.245000	-0.124305
5	2.250000	-0.122336
5	2.255000	-0.120349
5	2.260000	-0.118343
5	2.265000	-0.116319
5	2.270000	-0.114276
5	2.275000	-0.112215
5	2.280000	-0.110137
5	2.285000	-0.108042
5	2.290000	-0.105930
5	2.295000	-0.103801
5	2.300000	-0.101656
5	2.305000	-0.099495
5	2.310000	-0.097319
5	2.315000	-0.095127
5	2.320000	-0.092920
5	2.325000	-0.090699
5	2.330000	-0.088464
5	2.335000	-0.086215
5	2.340000	-0.083953
5	2.345000	-0.081677
5	2.350000	-0.079389
5	2.355000	-0.077088
5	2.360000	-0.074775
5	2.365000	-0.072451
5	2.370000	-0.070115
5	2.375000	-0.067768
5	2.380000	-0.065411
5	2.385000	-0.063043
5	2.390000	-0.060666
5	2.395000	-0.058279
5	2.400000	-0.055883
5	2.405000	-0.053478
5	2.410000	-0.051065
5	2.415000	-0.048644
5	2.420000	-0.046216
5	2.425000	-0.043780
5	2.430000	-0.041337
5	2.435000	-0.038888
5	2.440000	-0.036433
5	2.445000	-0.033972
5	2.450000	-0.031505
5	2.455000	-0.029034
5	2.460000	-0.026558
5	2.465000	-0.024079
5	2.470000	-0.021595
5	2.475000	-0.019108
5	2.480000	-0.016618
5	2.485000	-0.014125
5	2.490000	-0.011630
5	2.495000	-0.009134
5	2.500000	-0.006636
5	2.505000	-0.004137
5	2.510000	-0.001637
6	0.000000	0.000000
6	0.005000	0.002500
6	0.010000	0.005000
6	0.015000	0.007499
6	0.020000	0.009998
6	0.025000	0.012496
6	0.030000	0.014994
6	0.035000	0.017490
6	0.040000	0.019985
6	0.045000	0.022479
6	0.050000	0.024971
6	0.055000	0.027462
6	0.060000	0.029950
6	0.065000	0.032436
6	0.070000	0.034921
6	0.075000	0.037402
6	0.080000	0.039882
6	0.085000	0.042358
6	0.090000	0.044831
6	0.095000	0.047302
6	0.100000	0.049769
6	0.105000	0.052232
6	0.110000	0.054692
6	0.115000	0.057149
6	0.120000	0.059601
6	0.125000	0.062049
6	0.130000	0.064493
6	0.135000	0.066932
6	0.140000	0.069367
6	0.145000	0.071796
6	0.150000	0.074221
6	0.155000	0.076641
6	0.160000	0.079055
6	0.165000	0.081464
6	0.170000	0.083867
6	0.175000	0.086265
6	0.180000	0.088656
6	0.185000	0.091041
6	0.190000	0.093420
6	0.195000	0.095793
6	0.200000	0.098158
6	0.205000	0.100517
6	0.210000	0.102869
6	0.215000	0.105214
6	0.220000	0.107552
6	0.225000	0.109882
6	0.230000	0.112204
6	0.235000	0.114519
6	0.240000	0.116826
6	0.245000	0.119124
6	0.250000	0.121414
6	0.255000	0.123696
6	0.260000	0.125970
6	0.265000	0.128234
6	0.270000	0.130490
6	0.275000	0.132736
6	0.280000	0.134974
6	0.285000	0.137202
6	0.290000	0.139420
6	0.295000	0.141629
6	0.300000	0.143828
6	0.305000	0.146017
6	0.310000	0.148195
6	0.315000	0.150364
6	0.320000	0.152522
6	0.325000	0.154669
6	0.330000	0.156806
6	0.335000	0.158932
6	0.340000	0.161047
6	0.345000	0.163150
6	0.350000	0.165243
6	0.355000	0.167324
6	0.360000	0.169393
6	0.365000	0.171450
6	0.370000	0.173496
6	0.375000	0.175529
6	0.380000	0.177550
6	0.385000	0.179559
6	0.390000	0.181556
6	0.395000	0.183540
6	0.400000	0.185511
6	0.405000	0.187469
6	0.410000	0.189414
6	0.415000	0.191347
6	0.420000	0.193265
6	0.425000	0.195171
6	0.430000	0.197062
6	0.435000	0.198941
6	0.440000	0.200805
6	0.445000	0.202655
6	0.450000	0.204492
6	0.455000	0.206314
6	0.460000	0.208122
6	0.465000	0.209915
6	0.470000	0.211694
6	0.475000	0.213458
6	0.480000	0.215207
6	0.485000	0.216941
6	0.490000	0.218660
6	0.495000	0.220364
6	0.500000	0.222053
6	0.505000	0.223726
6	0.510000	0.225384
6	0.515000	0.227026
6	0.520000	0.228653
6	0.525000	0.230263
6	0.530000	0.231858
6	0.535000	0.233436
6	0.540000	0.234998
6	0.545000	0.236544
6	0.550000	0.238073
6	0.555000	0.239586
6	0.560000	0.241082
6	0.565000	0.242562
6	0.570000	0.244025
6	0.575000	0.245470
6	0.580000	0.246899
6	0.585000	0.248311
6	0.590000	0.249705
6	0.595000	0.251082
6	0.600000	0.252441
6	0.605000	0.253783
6	0.610000	0.255108
6	0.615000	0.256414
6	0.620000	0.257703
6	0.625000	0.258974
6	0.630000	0.260227
6	0.635000	0.261462
6	0.640000	0.262679
6	0.645000	0.263877
6	0.650000	0.265057
6	0.655000	0.266219
6	0.660000	0.267362
6	0.665000	0.268487
6	0.670000	0.269593
6	0.675000	0.270680
6	0.680000	0.271749
6	0.685000	0.272798
6	0.690000	0.273829
6	0.695000	0.274841
6	0.700000	0.275833
6	0.705000	0.276807
6	0.710000	0.277761
6	0.715000	0.278696
6	0.720000	0.279612
6	0.725000	0.280508
6	0.730000	0.281385
6	0.735000	0.282242
6	0.740000	0.283079
6	0.745000	0.283897
6	0.750000	0.284695
6	0.755000	0.285474
6	0.760000	0.286232
6	0.765000	0.286971
6	0.770000	0.287690
6	0.775000	0.288389
6	0.780000	0.289067
6	0.785000	0.289726
6	0.790000	0.290365
6	0.795000	0.290983
6	0.800000	0.291581
6	0.805000	0.292159
6	0.810000	0.292717
6	0.815000	0.293254
6	0.820000	0.293771
6	0.825000	0.294268
6	0.830000	0.294744
6	0.835000	0.295200
6	0.840000	0.295635
6	0.845000	0.296050
6	0.850000	0.296444
6	0.855000	0.296817
6	0.860000	0.297170
6	0.865000	0.297502
6	0.870000	0.297814
6	0.875000	0.298105
6	0.880000	0.298375
6	0.885000	0.298625
6	0.890000	0.298853
6	0.895000	0.299061
6	0.900000	0.299248
6	0.905000	0.299415
6	0.910000	0.299561
6	0.915000	0.299685
6	0.920000	0.299790
6	0.925000	0.299873
6	0.930000	0.299935
6	0.935000	0.299977
6	0.940000	0.299997
6	0.945000	0.299997
6	0.950000	0.299976
6	0.955000	0.299935
6	0.960000	0.299872
6	0.965000	0.299789
6	0.970000	0.299684
6	0.975000	0.299559
6	0.980000	0.299414
6	0.985000	0.299247
6	0.990000	0.299060
6	0.995000	0.298851
6	1.000000	0.298622
6	1.005000	0.298373
6	1.010000	0.298102
6	1.015000	0.297811
6	1.020000	0.297499
6	1.025000	0.297167
6	1.030000	0.296814
6	1.035000	0.296440
6	1.040000	0.296046
6	1.045000	0.295631
6	1.050000	0.295196
6	1.055000	0.294740
6	1.060000	0.294264
6	1.065000	0.293767
6	1.070000	0.293250
6	1.075000	0.292712
6	1.080000	0.292154
6	1.085000	0.291576
6	1.090000	0.290978
6	1.095000	0.290359
6	1.100000	0.289720
6	1.105000	0.289062
6	1.110000	0.288383
6	1.115000	0.287684
6	1.120000	0.286965
6	1.125000	0.286226
6	1.130000	0.285467
6	1.135000	0.284688
6	1.140000	0.283890
6	1.145000	0.283072
6	1.150000	0.282234
6	1.155000	0.281377
6	1.160000	0.280500
6	1.165000	0.279604
6	1.170000	0.278688
6	1.175000	0.277753
6	1.180000	0.276798
6	1.185000	0.275825
6	1.190000	0.274832
6	1.195000	0.273820
6	1.200000	0.272789
6	1.205000	0.271739
6	1.210000	0.270671
6	1.215000	0.269583
6	1.220000	0.268477
6	1.225000	0.267352
6	1.230000	0.266209
6	1.235000	0.265047
6	1.240000	0.263866
6	1.245000	0.262668
6	1.250000	0.261451
6	1.255000	0.260216
6	1.260000	0.258963
6	1.265000	0.257692
6	1.270000	0.256403
6	1.275000	0.255096
6	1.280000	0.253771
6	1.285000	0.252429
6	1.290000	0.251070
6	1.295000	0.249693
6	1.300000	0.248298
6	1.305000	0.246886
6	1.310000	0.245458
6	1.315000	0.244012
6	1.320000	0.242549
6	1.325000	0.241069
6	1.330000	0.239573
6	1.335000	0.238060
6	1.340000	0.236530
6	1.345000	0.234984
6	1.350000	0.233422
6	1.355000	0.231843
6	1.360000	0.230249
6	1.365000	0.228638
6	1.370000	0.227012
6	1.375000	0.225369
6	1.380000	0.223712
6	1.385000	0.222038
6	1.390000	0.220349
6	1.395000	0.218645
6	1.400000	0.216926
6	1.405000	0.215191
6	1.410000	0.213442
6	1.415000	0.211678
6	1.420000	0.209899
6	1.425000	0.208106
6	1.430000	0.206298
6	1.435000	0.204475
6	1.440000	0.202639
6	1.445000	0.200788
6	1.450000	0.198924
6	1.455000	0.197046
6	1.460000	0.195154
6	1.465000	0.193248
6	1.470000	0.191329
6	1.475000	0.189397
6	1.480000	0.187452
6	1.485000	0.185493
6	1.490000	0.183522
6	1.495000	0.181538
6	1.500000	0.179542
6	1.505000	0.177533
6	1.510000	0.175511
6	1.515000	0.173478
6	1.520000	0.171432
6	1.525000	0.169374
6	1.530000	0.167305
6	1.535000	0.165224
6	1.540000	0.163132
6	1.545000	0.161028
6	1.550000	0.158913
6	1.555000	0.156787
6	1.560000	0.154650
6	1.565000	0.152503
6	1.570000	0.150345
6	1.575000	0.148176
6	1.580000	0.145997
6	1.585000	0.143808
6	1.590000	0.141609
6	1.595000	0.139400
6	1.600000	0.137182
6	1.605000	0.134954
6	1.610000	0.132716
6	1.615000	0.130470
6	1.620000	0.128214
6	1.625000	0.125949
6	1.630000	0.123676
6	1.635000	0.121394
6	1.640000	0.119104
6	1.645000	0.116805
6	1.650000	0.114498
6	1.655000	0.112184
6	1.660000	0.109861
6	1.665000	0.107531
6	1.670000	0.105193
6	1.675000	0.102848
6	1.680000	0.100496
6	1.685000	0.098137
6	1.690000	0.095772
6	1.695000	0.093399
6	1.700000	0.091020
6	1.705000	0.088635
6	1.710000	0.086243
6	1.715000	0.083846
6	1.720000	0.081443
6	1.725000	0.079034
6	1.730000	0.076619
6	1.735000	0.074200
6	1.740000	0.071775
6	1.745000	0.069345
6	1.750000	0.066910
6	1.755000	0.064471
6	1.760000	0.062027
6	1.765000	0.059579
6	1.770000	0.057127
6	1.775000	0.054671
6	1.780000	0.052211
6	1.785000	0.049747
6	1.790000	0.047280
6	1.795000	0.044809
6	1.800000	0.042336
6	1.805000	0.039860
6	1.810000	0.037380
6	1.815000	0.034899
6	1.820000	0.032414
6	1.825000	0.029928
6	1.830000	0.027439
6	1.835000	0.024949
6	1.840000	0.022457
6	1.845000	0.019963
6	1.850000	0.017468
6	1.855000	0.014972
6	1.860000	0.012474
6	1.865000	0.009976
6	1.870000	0.007477
6	1.875000	0.004978
6	1.880000	0.002478
6	1.885000	-0.000022
6	1.890000	-0.002522
6	1.895000	-0.005022
6	1.900000	-0.007521
6	1.905000	-0.010020
6	1.910000	-0.012519
6	1.915000	-0.015016
6	1.920000	-0.017512
6	1.925000	-0.020007
6	1.930000	-0.022501
6	1.935000	-0.024993
6	1.940000	-0.027484
6	1.945000	-0.029972
6	1.950000	-0.032459
6	1.955000	-0.034943
6	1.960000	-0.037424
6	1.965000	-0.039904
6	1.970000	-0.042380
6	1.975000	-0.044853
6	1.980000	-0.047324
6	1.985000	-0.049791
6	1.990000	-0.052254
6	1.995000	-0.054714
6	2.000000	-0.057170
6	2.005000	-0.059623
6	2.010000	-0.062071
6	2.015000	-0.064514
6	2.020000	-0.066954
6	2.025000	-0.069388
6	2.030000	-0.071818
6	2.035000	-0.074243
6	2.040000	-0.076662
6	2.045000	-0.079077
6	2.050000	-0.081485
6	2.055000	-0.083889
6	2.060000	-0.086286
6	2.065000	-0.088677
6	2.070000	-0.091062
6	2.075000	-0.093441
6	2.080000	-0.095814
6	2.085000	-0.098179
6	2.090000	-0.100538
6	2.095000	-0.102890
6	2.100000	-0.105235
6	2.105000	-0.107572
6	2.110000	-0.109902
6	2.115000	-0.112225
6	2.120000	-0.114539
6	2.125000	-0.116846
6	2.130000	-0.119144
6	2.135000	-0.121435
6	2.140000	-0.123716
6	2.145000	-0.125990
6	2.150000	-0.128254
6	2.155000	-0.130510
6	2.160000	-0.132756
6	2.165000	-0.134993
6	2.170000	-0.137221
6	2.175000	-0.139440
6	2.180000	-0.141648
6	2.185000	-0.143847
6	2.190000	-0.146036
6	2.195000	-0.148215
6	2.200000	-0.150383
6	2.205000	-0.152541
6	2.210000	-0.154688
6	2.215000	-0.156825
6	2.220000	-0.158951
6	2.225000	-0.161066
6	2.230000	-0.163169
6	2.235000	-0.165261
6	2.240000	-0.167342
6	2.245000	-0.169411
6	2.250000	-0.171468
6	2.255000	-0.173514
6	2.260000	-0.175547
6	2.265000	-0.177568
6	2.270000	-0.179577
6	2.275000	-0.181574
6	2.280000	-0.183557
6	2.285000	-0.185528
6	2.290000	-0.187487
6	2.295000	-0.189432
6	2.300000	-0.191364
6	2.305000	-0.193282
6	2.310000	-0.195188
6	2.315000	-0.197079
6	2.320000	-0.198957
6	2.325000	-0.200821
6	2.330000	-0.202672
6	2.335000	-0.204508
6	2.340000	-0.206330
6	2.345000	-0.208137
6	2.350000	-0.209931
6	2.355000	-0.211709
6	2.360000	-0.213473
6	2.365000	-0.215222
6	2.370000	-0.216956
6	2.375000	-0.218676
6	2.380000	-0.220379
6	2.385000	-0.222068
6	2.390000	-0.223741
6	2.395000	-0.225399
6	2.400000	-0.227041
6	2.405000	-0.228667
6	2.410000	-0.230277
6	2.415000	-0.231872
6	2.420000	-0.233450
6	2.425000	-0.235012
6	2.430000	-0.236558
6	2.435000	-0.238087
6	2.440000	-0.239600
6	2.445000	-0.241096
6	2.450000	-0.242575
6	2.455000	-0.244038
6	2.460000	-0.245483
6	2.465000	-0.246912
6	2.470000	-0.248323
6	2.475000	-0.249717
6	2.480000	-0.251094
6	2.485000	-0.252453
6	2.490000	-0.253795
6	2.495000	-0.255119
6	2.500000	-0.256426
6	2.505000	-0.257714
6	2.510000	-0.258985
6	2.515000	-0.260238
6	2.520000	-0.261473
6	2.525000	-0.262689
6	2.530000	-0.263888
6	2.535000	-0.265068
6	2.540000	-0.266229
6	2.545000	-0.267372
6	2.550000	-0.268497
6	2.555000	-0.269603
6	2.560000	-0.270690
6	2.565000	-0.271758
6	2.570000	-0.272808
6	2.575000	-0.273838
6	2.580000	-0.274850
6	2.585000	-0.275842
6	2.590000	-0.276816
6	2.595000	-0.277770
6	2.600000	-0.278704
6	2.605000	-0.279620
6	2.610000	-0.280516
6	2.615000	-0.281392
6	2.620000	-0.282249
6	2.625000	-0.283087
6	2.630000	-0.283904
6	2.635000	-0.284702
6	2.640000	-0.285481
6	2.645000	-0.286239
6	2.650000	-0.286978
6	2.655000	-0.287696
6	2.660000	-0.288395
6	2.665000	-0.289073
6	2.670000	-0.289732
6	2.675000	-0.290370
6	2.680000	-0.290989
6	2.685000	-0.291587
6	2.690000	-0.292164
6	2.695000	-0.292722
6	2.700000	-0.293259
6	2.705000	-0.293776
6	2.710000	-0.294272
6	2.715000	-0.294748
6	2.720000	-0.295204
6	2.725000	-0.295639
6	2.730000	-0.296053
6	2.735000	-0.296447
6	2.740000	-0.296820
6	2.745000	-0.297173
6	2.750000	-0.297505
6	2.755000	-0.297817
6	2.760000	-0.298107
6	2.765000	-0.298377
6	2.770000	-0.298627
6	2.775000	-0.298855
6	2.780000	-0.299063
6	2.785000	-0.299250
6	2.790000	-0.299416
6	2.795000	-0.299562
6	2.800000	-0.299686
6	2.805000	-0.299790
6	2.810000	-0.299873
6	2.815000	-0.299936
6	2.820000	-0.299977
6	2.825000	-0.299998
6	2.830000	-0.299997
6	2.835000	-0.299976
6	2.840000	-0.299934
6	2.845000	-0.299871
6	2.850000	-0.299788
6	2.855000	-0.299683
6	2.860000	-0.299558
6	2.865000	-0.299412
6	2.870000	-0.299245
6	2.875000	-0.299058
6	2.880000	-0.298849
6	2.885000	-0.298620
6	2.890000	-0.298370
6	2.895000	-0.298100
6	2.900000	-0.297809
6	2.905000	-0.297497
6	2.910000	-0.297164
6	2.915000	-0.296811
6	2.920000	-0.296437
6	2.925000	-0.296042
6	2.930000	-0.295627
6	2.935000	-0.295192
6	2.940000	-0.294736
6	2.945000	-0.294259
6	2.950000	-0.293762
6	2.955000	-0.293245
6	2.960000	-0.292707
6	2.965000	-0.292149
6	2.970000	-0.291571
6	2.975000	-0.290972
6	2.980000	-0.290354
6	2.985000	-0.289715
6	2.990000	-0.289056
6	2.995000	-0.288376
6	3.000000	-0.287677
6	3.005000	-0.286958
6	3.010000	-0.286219
6	3.015000	-0.285460
6	3.020000	-0.284681
6	3.025000	-0.283883
6	3.030000	-0.283065
6	3.035000	-0.282227
6	3.040000	-0.281369
6	3.045000	-0.280492
6	3.050000	-0.279596
6	3.055000	-0.278680
6	3.060000	-0.277744
6	3.065000	-0.276790
6	3.070000	-0.275816
6	3.075000	-0.274823
6	3.080000	-0.273811
6	3.085000	-0.272780
6	3.090000	-0.271730
6	3.095000	-0.270661
6	3.100000	-0.269573
6	3.105000	-0.268467
6	3.110000	-0.267342
6	3.115000	-0.266198
6	3.120000	-0.265036
6	3.125000	-0.263856
6	3.130000	-0.262657
6	3.135000	-0.261440
6	3.140000	-0.260205
6	3.145000	-0.258952
6	3.150000	-0.257680
6	3.155000	-0.256391
6	3.160000	-0.255084
6	3.165000	-0.253760
6	3.170000	-0.252417
6	3.175000	-0.251057
6	3.180000	-0.249680
6	3.185000	-0.248286
6	3.190000	-0.246874
6	3.195000	-0.245445
6	3.200000	-0.243999
6	3.205000	-0.242536
6	3.210000	-0.241056
6	3.215000	-0.239560
6	3.220000	-0.238046
6	3.225000	-0.236517
6	3.230000	-0.234970
6	3.235000	-0.233408
6	3.240000	-0.231829
6	3.245000	-0.230235
6	3.250000	-0.228624
6	3.255000	-0.226997
6	3.260000	-0.225355
6	3.265000	-0.223697
6	3.270000	-0.222023
6	3.275000	-0.220334
6	3.280000	-0.218630
6	3.285000	-0.216910
6	3.290000	-0.215176
6	3.295000	-0.213426
6	3.300000	-0.211662
6	3.305000	-0.209883
6	3.310000	-0.208090
6	3.315000	-0.206281
6	3.320000	-0.204459
6	3.325000	-0.202623
6	3.330000	-0.200772
6	3.335000	-0.198907
6	3.340000	-0.197029
6	3.345000	-0.195137
6	3.350000	-0.193231
6	3.355000	-0.191312
6	3.360000	-0.189380
6	3.365000	-0.187435
6	3.370000	-0.185476
6	3.375000	-0.183505
6	3.380000	-0.181521
6	3.385000	-0.179524
6	3.390000	-0.177515
6	3.395000	-0.175493
6	3.400000	-0.173459
6	3.405000	-0.171414
6	3.410000	-0.169356
6	3.415000	-0.167287
6	3.420000	-0.165206
6	3.425000	-0.163113
6	3.430000	-0.161009
6	3.435000	-0.158894
6	3.440000	-0.156768
6	3.445000	-0.154631
6	3.450000	-0.152484
6	3.455000	-0.150325
6	3.460000	-0.148157
6	3.465000	-0.145978
6	3.470000	-0.143789
6	3.475000	-0.141590
6	3.480000	-0.139381
6	3.485000	-0.137162
6	3.490000	-0.134934
6	3.495000	-0.132696
6	3.500000	-0.130450
6	3.505000	-0.128194
6	3.510000	-0.125929
6	3.515000	-0.123656
6	3.520000	-0.121374
6	3.525000	-0.119083
6	3.530000	-0.116785
6	3.535000	-0.114478
6	3.540000	-0.112163
6	3.545000	-0.109840
6	3.550000	-0.107510
6	3.555000	-0.105173
6	3.560000	-0.102828
6	3.565000	-0.100476
6	3.570000	-0.098116
6	3.575000	-0.095751
6	3.580000	-0.093378
6	3.585000	-0.090999
6	3.590000	-0.088614
6	3.595000	-0.086222
6	3.600000	-0.083825
6	3.605000	-0.081421
6	3.610000	-0.079012
6	3.615000	-0.076598
6	3.620000	-0.074178
6	3.625000	-0.071753
6	3.630000	-0.069323
6	3.635000	-0.066889
6	3.640000	-0.064449
6	3.645000	-0.062005
6	3.650000	-0.059557
6	3.655000	-0.057105
6	3.660000	-0.054649
6	3.665000	-0.052189
6	3.670000	-0.049725
6	3.675000	-0.047258
6	3.680000	-0.044788
6	3.685000	-0.042314
6	3.690000	-0.039838
6	3.695000	-0.037358
6	3.700000	-0.034877
6	3.705000	-0.032392
6	3.710000	-0.029906
6	3.715000	-0.027417
6	3.720000	-0.024927
6	3.725000	-0.022435
6	3.730000	-0.019941
6	3.735000	-0.017446
6	3.740000	-0.014949
6	3.745000	-0.012452
6	3.750000	-0.009954
6	3.755000	-0.007455
6	3.760000	-0.004955
6	3.765000	-0.002456
7	0.000000	0.000000
7	0.005000	0.003750
7	0.010000	0.007497
7	0.015000	0.011239
7	0.020000	0.014975
7	0.025000	0.018701
7	0.030000	0.022416
7	0.035000	0.026116
7	0.040000	0.029800
7	0.045000	0.033466
7	0.050000	0.037111
7	0.055000	0.040732
7	0.060000	0.044328
7	0.065000	0.047896
7	0.070000	0.051435
7	0.075000	0.054941
7	0.080000	0.058413
7	0.085000	0.061848
7	0.090000	0.065245
7	0.095000	0.068601
7	0.100000	0.071914
7	0.105000	0.075182
7	0.110000	0.078403
7	0.115000	0.081575
7	0.120000	0.084696
7	0.125000	0.087765
7	0.130000	0.090778
7	0.135000	0.093735
7	0.140000	0.096633
7	0.145000	0.099470
7	0.150000	0.102246
7	0.155000	0.104957
7	0.160000	0.107603
7	0.165000	0.110182
7	0.170000	0.112692
7	0.175000	0.115132
7	0.180000	0.117499
7	0.185000	0.119793
7	0.190000	0.122012
7	0.195000	0.124155
7	0.200000	0.126221
7	0.205000	0.128207
7	0.210000	0.130113
7	0.215000	0.131939
7	0.220000	0.133681
7	0.225000	0.135340
7	0.230000	0.136915
7	0.235000	0.138403
7	0.240000	0.139806
7	0.245000	0.141121
7	0.250000	0.142348
7	0.255000	0.143486
7	0.260000	0.144534
7	0.265000	0.145492
7	0.270000	0.146359
7	0.275000	0.147134
7	0.280000	0.147817
7	0.285000	0.148409
7	0.290000	0.148907
7	0.295000	0.149312
7	0.300000	0.149624
7	0.305000	0.149843
7	0.310000	0.149968
7	0.315000	0.149999
7	0.320000	0.149936
7	0.325000	0.149780
7	0.330000	0.149530
7	0.335000	0.149186
7	0.340000	0.148750
7	0.345000	0.148220
7	0.350000	0.147598
7	0.355000	0.146883
7	0.360000	0.146077
7	0.365000	0.145180
7	0.370000	0.144191
7	0.375000	0.143113
7	0.380000	0.141945
7	0.385000	0.140688
7	0.390000	0.139344
7	0.395000	0.137912
7	0.400000	0.136395
7	0.405000	0.134792
7	0.410000	0.133104
7	0.415000	0.131334
7	0.420000	0.129481
7	0.425000	0.127548
7	0.430000	0.125535
7	0.435000	0.123443
7	0.440000	0.121274
7	0.445000	0.119030
7	0.450000	0.116711
7	0.455000	0.114319
7	0.460000	0.111856
7	0.465000	0.109323
7	0.470000	0.106721
7	0.475000	0.104053
7	0.480000	0.101319
7	0.485000	0.098523
7	0.490000	0.095665
7	0.495000	0.092747
7	0.500000	0.089771
7	0.505000	0.086739
7	0.510000	0.083653
7	0.515000	0.080514
7	0.520000	0.077325
7	0.525000	0.074088
7	0.530000	0.070805
7	0.535000	0.067477
7	0.540000	0.064107
7	0.545000	0.060697
7	0.550000	0.057249
7	0.555000	0.053765
7	0.560000	0.050248
7	0.565000	0.046700
7	0.570000	0.043122
7	0.575000	0.039517
7	0.580000	0.035887
7	0.585000	0.032235
7	0.590000	0.028563
7	0.595000	0.024873
7	0.600000	0.021168
7	0.605000	0.017449
7	0.610000	0.013720
7	0.615000	0.009982
7	0.620000	0.006237
7	0.625000	0.002489
7	0.630000	-0.001261
7	0.635000	-0.005010
7	0.640000	-0.008756
7	0.645000	-0.012497
7	0.650000	-0.016229
7	0.655000	-0.019952
7	0.660000	-0.023662
7	0.665000	-0.027357
7	0.670000	-0.031035
7	0.675000	-0.034694
7	0.680000	-0.038331
7	0.685000	-0.041944
7	0.690000	-0.045531
7	0.695000	-0.049090
7	0.700000	-0.052617
7	0.705000	-0.056112
7	0.710000	-0.059572
7	0.715000	-0.062995
7	0.720000	-0.066378
7	0.725000	-0.069720
7	0.730000	-0.073018
7	0.735000	-0.076271
7	0.740000	-0.079475
7	0.745000	-0.082631
7	0.750000	-0.085734
7	0.755000	-0.088784
7	0.760000	-0.091779
7	0.765000	-0.094716
7	0.770000	-0.097594
7	0.775000	-0.100411
7	0.780000	-0.103165
7	0.785000	-0.105855
7	0.790000	-0.108478
7	0.795000	-0.111034
7	0.800000	-0.113520
7	0.805000	-0.115936
7	0.810000	-0.118279
7	0.815000	-0.120548
7	0.820000	-0.122742
7	0.825000	-0.124859
7	0.830000	-0.126898
7	0.835000	-0.128857
7	0.840000	-0.130736
7	0.845000	-0.132534
7	0.850000	-0.134248
7	0.855000	-0.135879
7	0.860000	-0.137425
7	0.865000	-0.138885
7	0.870000	-0.140258
7	0.875000	-0.141543
7	0.880000	-0.142740
7	0.885000	-0.143848
7	0.890000	-0.144866
7	0.895000	-0.145793
7	0.900000	-0.146630
7	0.905000	-0.147374
7	0.910000	-0.148027
7	0.915000	-0.148587
7	0.920000	-0.149054
7	0.925000	-0.149428
7	0.930000	-0.149708
7	0.935000	-0.149895
7	0.940000	-0.149988
7	0.945000	-0.149988
7	0.950000	-0.149894
7	0.955000	-0.149706
7	0.960000	-0.149425
7	0.965000	-0.149050
7	0.970000	-0.148582
7	0.975000	-0.148021
7	0.980000	-0.147368
7	0.985000	-0.146622
7	0.990000	-0.145785
7	0.995000	-0.144857
7	1.000000	-0.143839
7	1.005000	-0.142730
7	1.010000	-0.141532
7	1.015000	-0.140246
7	1.020000	-0.138872
7	1.025000	-0.137412
7	1.030000	-0.135865
7	1.035000	-0.134234
7	1.040000	-0.132518
7	1.045000	-0.130720
7	1.050000	-0.128840
7	1.055000	-0.126880
7	1.060000	-0.124840
7	1.065000	-0.122722
7	1.070000	-0.120528
7	1.075000	-0.118258
7	1.080000	-0.115915
7	1.085000	-0.113499
7	1.090000	-0.111012
7	1.095000	-0.108455
7	1.100000	-0.105831
7	1.105000	-0.103141
7	1.110000	-0.100386
7	1.115000	-0.097568
7	1.120000	-0.094690
7	1.125000	-0.091752
7	1.130000	-0.088757
7	1.135000	-0.085707
7	1.140000	-0.082603
7	1.145000	-0.079447
7	1.150000	-0.076242
7	1.155000	-0.072989
7	1.160000	-0.069690
7	1.165000	-0.066348
7	1.170000	-0.062965
7	1.175000	-0.059542
7	1.180000	-0.056081
7	1.185000	-0.052586
7	1.190000	-0.049058
7	1.195000	-0.045499
7	1.200000	-0.041912
7	1.205000	-0.038299
7	1.210000	-0.034662
7	1.215000	-0.031003
7	1.220000	-0.027324
7	1.225000	-0.023629
7	1.230000	-0.019919
7	1.235000	-0.016196
7	1.240000	-0.012463
7	1.245000	-0.008723
7	1.250000	-0.004977
7	1.255000	-0.001228
8	0.000000	0.000000
8	0.005000	0.003750
8	0.010000	0.007499
8	0.015000	0.011247
8	0.020000	0.014994
8	0.025000	0.018738
8	0.030000	0.022479
8	0.035000	0.026217
8	0.040000	0.029950
8	0.045000	0.033679
8	0.050000	0.037402
8	0.055000	0.041120
8	0.060000	0.044831
8	0.065000	0.048536
8	0.070000	0.052232
8	0.075000	0.055921
8	0.080000	0.059601
8	0.085000	0.063271
8	0.090000	0.066932
8	0.095000	0.070582
8	0.100000	0.074221
8	0.105000	0.077849
8	0.110000	0.081464
8	0.115000	0.085067
8	0.120000	0.088656
8	0.125000	0.092232
8	0.130000	0.095793
8	0.135000	0.099339
8	0.140000	0.102869
8	0.145000	0.106384
8	0.150000	0.109882
8	0.155000	0.113362
8	0.160000	0.116826
8	0.165000	0.120270
8	0.170000	0.123696
8	0.175000	0.127103
8	0.180000	0.130490
8	0.185000	0.133856
8	0.190000	0.137202
8	0.195000	0.140526
8	0.200000	0.143828
8	0.205000	0.147107
8	0.210000	0.150364
8	0.215000	0.153597
8	0.220000	0.156806
8	0.225000	0.159991
8	0.230000	0.163150
8	0.235000	0.166285
8	0.240000	0.169393
8	0.245000	0.172474
8	0.250000	0.175529
8	0.255000	0.178557
8	0.260000	0.181556
8	0.265000	0.184527
8	0.270000	0.187469
8	0.275000	0.190382
8	0.280000	0.193265
8	0.285000	0.196118
8	0.290000	0.198941
8	0.295000	0.201732
8	0.300000	0.204492
8	0.305000	0.207219
8	0.310000	0.209915
8	0.315000	0.212577
8	0.320000	0.215207
8	0.325000	0.217803
8	0.330000	0.220364
8	0.335000	0.222892
8	0.340000	0.225384
8	0.345000	0.227841
8	0.350000	0.230263
8	0.355000	0.232649
8	0.360000	0.234998
8	0.365000	0.237311
8	0.370000	0.239586
8	0.375000	0.241824
8	0.380000	0.244025
8	0.385000	0.246187
8	0.390000	0.248311
8	0.395000	0.250395
8	0.400000	0.252441
8	0.405000	0.254448
8	0.410000	0.256414
8	0.415000	0.258341
8	0.420000	0.260227
8	0.425000	0.262072
8	0.430000	0.263877
8	0.435000	0.265640
8	0.440000	0.267362
8	0.445000	0.269042
8	0.450000	0.270680
8	0.455000	0.272276
8	0.460000	0.273829
8	0.465000	0.275340
8	0.470000	0.276807
8	0.475000	0.278231
8	0.480000	0.279612
8	0.485000	0.280949
8	0.490000	0.282242
8	0.495000	0.283491
8	0.500000	0.284695
8	0.505000	0.285856
8	0.510000	0.286971
8	0.515000	0.288042
8	0.520000	0.289067
8	0.525000	0.290048
8	0.530000	0.290983
8	0.535000	0.291873
8	0.540000	0.292717
8	0.545000	0.293515
8	0.550000	0.294268
8	0.555000	0.294974
8	0.560000	0.295635
8	0.565000	0.296249
8	0.570000	0.296817
8	0.575000	0.297339
8	0.580000	0.297814
8	0.585000	0.298243
8	0.590000	0.298625
8	0.595000	0.298960
8	0.600000	0.299248
8	0.605000	0.299490
8	0.610000	0.299685
8	0.615000	0.299834
8	0.620000	0.299935
8	0.625000	0.299990
8	0.630000	0.299997
8	0.635000	0.299958
8	0.640000	0.299872
8	0.645000	0.299739
8	0.650000	0.299559
8	0.655000	0.299333
8	0.660000	0.299060
8	0.665000	0.298739
8	0.670000	0.298373
8	0.675000	0.297959
8	0.680000	0.297499
8	0.685000	0.296993
8	0.690000	0.296440
8	0.695000	0.295841
8	0.700000	0.295196
8	0.705000	0.294504
8	0.710000	0.293767
8	0.715000	0.292983
8	0.720000	0.292154
8	0.725000	0.291279
8	0.730000	0.290359
8	0.735000	0.289393
8	0.740000	0.288383
8	0.745000	0.287327
8	0.750000	0.286226
8	0.755000	0.285080
8	0.760000	0.283890
8	0.765000	0.282656
8	0.770000	0.281377
8	0.775000	0.280054
8	0.780000	0.278688
8	0.785000	0.277278
8	0.790000	0.275825
8	0.795000	0.274328
8	0.800000	0.272789
8	0.805000	0.271207
8	0.810000	0.269583
8	0.815000	0.267917
8	0.820000	0.266209
8	0.825000	0.264459
8	0.830000	0.262668
8	0.835000	0.260836
8	0.840000	0.258963
8	0.845000	0.257049
8	0.850000	0.255096
8	0.855000	0.253103
8	0.860000	0.251070
8	0.865000	0.248997
8	0.870000	0.246886
8	0.875000	0.244737
8	0.880000	0.242549
8	0.885000	0.240323
8	0.890000	0.238060
8	0.895000	0.235759
8	0.900000	0.233422
8	0.905000	0.231048
8	0.910000	0.228638
8	0.915000	0.226193
8	0.920000	0.223712
8	0.925000	0.221196
8	0.930000	0.218645
8	0.935000	0.216060
8	0.940000	0.213442
8	0.945000	0.210790
8	0.950000	0.208106
8	0.955000	0.205388
8	0.960000	0.202639
8	0.965000	0.199858
8	0.970000	0.197046
8	0.975000	0.194203
8	0.980000	0.191329
8	0.985000	0.188426
8	0.990000	0.185493
8	0.995000	0.182532
8	1.000000	0.179542
8	1.005000	0.176523
8	1.010000	0.173478
8	1.015000	0.170405
8	1.020000	0.167305
8	1.025000	0.164179
8	1.030000	0.161028
8	1.035000	0.157852
8	1.040000	0.154650
8	1.045000	0.151425
8	1.050000	0.148176
8	1.055000	0.144904
8	1.060000	0.141609
8	1.065000	0.138292
8	1.070000	0.134954
8	1.075000	0.131594
8	1.080000	0.128214
8	1.085000	0.124814
8	1.090000	0.121394
8	1.095000	0.117955
8	1.100000	0.114498
8	1.105000	0.111023
8	1.110000	0.107531
8	1.115000	0.104022
8	1.120000	0.100496
8	1.125000	0.096955
8	1.130000	0.093399
8	1.135000	0.089828
8	1.140000	0.086243
8	1.145000	0.082645
8	1.150000	0.079034
8	1.155000	0.075410
8	1.160000	0.071775
8	1.165000	0.068128
8	1.170000	0.064471
8	1.175000	0.060804
8	1.180000	0.057127
8	1.185000	0.053441
8	1.190000	0.049747
8	1.195000	0.046045
8	1.200000	0.042336
8	1.205000	0.038620
8	1.210000	0.034899
8	1.215000	0.031171
8	1.220000	0.027439
8	1.225000	0.023703
8	1.230000	0.019963
8	1.235000	0.016220
8	1.240000	0.012474
8	1.245000	0.008727
8	1.250000	0.004978
8	1.255000	0.001228
8	1.260000	-0.002522
8	1.265000	-0.006272
8	1.270000	-0.010020
8	1.275000	-0.013767
8	1.280000	-0.017512
8	1.285000	-0.021254
8	1.290000	-0.024993
8	1.295000	-0.028728
8	1.300000	-0.032459
8	1.305000	-0.036184
8	1.310000	-0.039904
8	1.315000	-0.043617
8	1.320000	-0.047324
8	1.325000	-0.051023
8	1.330000	-0.054714
8	1.335000	-0.058397
8	1.340000	-0.062071
8	1.345000	-0.065735
8	1.350000	-0.069388
8	1.355000	-0.073031
8	1.360000	-0.076662
8	1.365000	-0.080282
8	1.370000	-0.083889
8	1.375000	-0.087482
8	1.380000	-0.091062
8	1.385000	-0.094628
8	1.390000	-0.098179
8	1.395000	-0.101715
8	1.400000	-0.105235
8	1.405000	-0.108738
8	1.410000	-0.112225
8	1.415000	-0.115694
8	1.420000	-0.119144
8	1.425000	-0.122577
8	1.430000	-0.125990
8	1.435000	-0.129383
8	1.440000	-0.132756
8	1.445000	-0.136109
8	1.450000	-0.139440
8	1.455000	-0.142749
8	1.460000	-0.146036
8	1.465000	-0.149300
8	1.470000	-0.152541
8	1.475000	-0.155758
8	1.480000	-0.158951
8	1.485000	-0.162119
8	1.490000	-0.165261
8	1.495000	-0.168378
8	1.500000	-0.171468
8	1.505000	-0.174532
8	1.510000	-0.177568
8	1.515000	-0.180577
8	1.520000	-0.183557
8	1.525000	-0.186509
8	1.530000	-0.189432
8	1.535000	-0.192325
8	1.540000	-0.195188
8	1.545000	-0.198020
8	1.550000	-0.200821
8	1.555000	-0.203592
8	1.560000	-0.206330
8	1.565000	-0.209036
8	1.570000	-0.211709
8	1.575000	-0.214350
8	1.580000	-0.216956
8	1.585000	-0.219529
8	1.590000	-0.222068
8	1.595000	-0.224572
8	1.600000	-0.227041
8	1.605000	-0.229474
8	1.610000	-0.231872
8	1.615000	-0.234233
8	1.620000	-0.236558
8	1.625000	-0.238845
8	1.630000	-0.241096
8	1.635000	-0.243308
8	1.640000	-0.245483
8	1.645000	-0.247619
8	1.650000	-0.249717
8	1.655000	-0.251776
8	1.660000	-0.253795
8	1.665000	-0.255775
8	1.670000	-0.257714
8	1.675000	-0.259614
8	1.680000	-0.261473
8	1.685000	-0.263291
8	1.690000	-0.265068
8	1.695000	-0.266803
8	1.700000	-0.268497
8	1.705000	-0.270149
8	1.710000	-0.271758
8	1.715000	-0.273325
8	1.720000	-0.274850
8	1.725000	-0.276331
8	1.730000	-0.277770
8	1.735000	-0.279164
8	1.740000	-0.280516
8	1.745000	-0.281823
8	1.750000	-0.283087
8	1.755000	-0.284306
8	1.760000	-0.285481
8	1.765000	-0.286611
8	1.770000	-0.287696
8	1.775000	-0.288737
8	1.780000	-0.289732
8	1.785000	-0.290682
8	1.790000	-0.291587
8	1.795000	-0.292446
8	1.800000	-0.293259
8	1.805000	-0.294027
8	1.810000	-0.294748
8	1.815000	-0.295424
8	1.820000	-0.296053
8	1.825000	-0.296636
8	1.830000	-0.297173
8	1.835000	-0.297663
8	1.840000	-0.298107
8	1.845000	-0.298505
8	1.850000	-0.298855
8	1.855000	-0.299159
8	1.860000	-0.299416
8	1.865000	-0.299627
8	1.870000	-0.299790
8	1.875000	-0.299907
8	1.880000	-0.299977
8	1.885000	-0.300000
8	1.890000	-0.299976
8	1.895000	-0.299905
8	1.900000	-0.299788
8	1.905000	-0.299623
8	1.910000	-0.299412
8	1.915000	-0.299154
8	1.920000	-0.298849
8	1.925000	-0.298498
8	1.930000	-0.298100
8	1.935000	-0.297655
8	1.940000	-0.297164
8	1.945000	-0.296626
8	1.950000	-0.296042
8	1.955000	-0.295412
8	1.960000	-0.294736
8	1.965000	-0.294013
8	1.970000	-0.293245
8	1.975000	-0.292431
8	1.980000	-0.291571
8	1.985000	-0.290665
8	1.990000	-0.289715
8	1.995000	-0.288719
8	2.000000	-0.287677
8	2.005000	-0.286591
8	2.010000	-0.285460
8	2.015000	-0.284285
8	2.020000	-0.283065
8	2.025000	-0.281800
8	2.030000	-0.280492
8	2.035000	-0.279140
8	2.040000	-0.277744
8	2.045000	-0.276305
8	2.050000	-0.274823
8	2.055000	-0.273298
8	2.060000	-0.271730
8	2.065000	-0.270120
8	2.070000	-0.268467
8	2.075000	-0.266773
8	2.080000	-0.265036
8	2.085000	-0.263259
8	2.090000	-0.261440
8	2.095000	-0.259580
8	2.100000	-0.257680
8	2.105000	-0.255740
8	2.110000	-0.253760
8	2.115000	-0.251740
8	2.120000	-0.249680
8	2.125000	-0.247582
8	2.130000	-0.245445
8	2.135000	-0.243269
8	2.140000	-0.241056
8	2.145000	-0.238805
8	2.150000	-0.236517
8	2.155000	-0.234191
8	2.160000	-0.231829
8	2.165000	-0.229431
8	2.170000	-0.226997
8	2.175000	-0.224528
8	2.180000	-0.222023
8	2.185000	-0.219484
8	2.190000	-0.216910
8	2.195000	-0.214303
8	2.200000	-0.211662
8	2.205000	-0.208988
8	2.210000	-0.206281
8	2.215000	-0.203543
8	2.220000	-0.200772
8	2.225000	-0.197970
8	2.230000	-0.195137
8	2.235000	-0.192273
8	2.240000	-0.189380
8	2.245000	-0.186457
8	2.250000	-0.183505
8	2.255000	-0.180524
8	2.260000	-0.177515
8	2.265000	-0.174478
8	2.270000	-0.171414
8	2.275000	-0.168323
8	2.280000	-0.165206
8	2.285000	-0.162063
8	2.290000	-0.158894
8	2.295000	-0.155701
8	2.300000	-0.152484
8	2.305000	-0.149242
8	2.310000	-0.145978
8	2.315000	-0.142690
8	2.320000	-0.139381
8	2.325000	-0.136049
8	2.330000	-0.132696
8	2.335000	-0.129323
8	2.340000	-0.125929
8	2.345000	-0.122516
8	2.350000	-0.119083
8	2.355000	-0.115632
8	2.360000	-0.112163
8	2.365000	-0.108676
8	2.370000	-0.105173
8	2.375000	-0.101652
8	2.380000	-0.098116
8	2.385000	-0.094565
8	2.390000	-0.090999
8	2.395000	-0.087419
8	2.400000	-0.083825
8	2.405000	-0.080218
8	2.410000	-0.076598
8	2.415000	-0.072966
8	2.420000	-0.069323
8	2.425000	-0.065670
8	2.430000	-0.062005
8	2.435000	-0.058332
8	2.440000	-0.054649
8	2.445000	-0.050957
8	2.450000	-0.047258
8	2.455000	-0.043551
8	2.460000	-0.039838
8	2.465000	-0.036118
8	2.470000	-0.032392
8	2.475000	-0.028662
8	2.480000	-0.024927
8	2.485000	-0.021188
8	2.490000	-0.017446
8	2.495000	-0.013701
8	2.500000	-0.009954
8	2.505000	-0.006205
8	2.510000	-0.002456
9	0.000000	0.000000
9	0.005000	0.003750
9	0.010000	0.007500
9	0.015000	0.011249
9	0.020000	0.014997
9	0.025000	0.018745
9	0.030000	0.022491
9	0.035000	0.026235
9	0.040000	0.029978
9	0.045000	0.033718
9	0.050000	0.037457
9	0.055000	0.041192
9	0.060000	0.044925
9	0.065000	0.048655
9	0.070000	0.052381
9	0.075000	0.056104
9	0.080000	0.059822
9	0.085000	0.063537
9	0.090000	0.067247
9	0.095000	0.070953
9	0.100000	0.074653
9	0.105000	0.078349
9	0.110000	0.082039
9	0.115000	0.085723
9	0.120000	0.089401
9	0.125000	0.093073
9	0.130000	0.096739
9	0.135000	0.100398
9	0.140000	0.104050
9	0.145000	0.107695
9	0.150000	0.111332
9	0.155000	0.114961
9	0.160000	0.118583
9	0.165000	0.122196
9	0.170000	0.125801
9	0.175000	0.129397
9	0.180000	0.132984
9	0.185000	0.136562
9	0.190000	0.140130
9	0.195000	0.143689
9	0.200000	0.147238
9	0.205000	0.150776
9	0.210000	0.154304
9	0.215000	0.157821
9	0.220000	0.161328
9	0.225000	0.164823
9	0.230000	0.168306
9	0.235000	0.171778
9	0.240000	0.175238
9	0.245000	0.178686
9	0.250000	0.182122
9	0.255000	0.185544
9	0.260000	0.188954
9	0.265000	0.192351
9	0.270000	0.195734
9	0.275000	0.199104
9	0.280000	0.202460
9	0.285000	0.205802
9	0.290000	0.209130
9	0.295000	0.212443
9	0.300000	0.215741
9	0.305000	0.219025
9	0.310000	0.222293
9	0.315000	0.225546
9	0.320000	0.228783
9	0.325000	0.232004
9	0.330000	0.235209
9	0.335000	0.238398
9	0.340000	0.241570
9	0.345000	0.244726
9	0.350000	0.247864
9	0.355000	0.250985
9	0.360000	0.254089
9	0.365000	0.257175
9	0.370000	0.260244
9	0.375000	0.263294
9	0.380000	0.266326
9	0.385000	0.269339
9	0.390000	0.272334
9	0.395000	0.275310
9	0.400000	0.278266
9	0.405000	0.281204
9	0.410000	0.284122
9	0.415000	0.287020
9	0.420000	0.289898
9	0.425000	0.292756
9	0.430000	0.295594
9	0.435000	0.298411
9	0.440000	0.301207
9	0.445000	0.303983
9	0.450000	0.306737
9	0.455000	0.309471
9	0.460000	0.312182
9	0.465000	0.314872
9	0.470000	0.317540
9	0.475000	0.320186
9	0.480000	0.322810
9	0.485000	0.325412
9	0.490000	0.327990
9	0.495000	0.330547
9	0.500000	0.333080
9	0.505000	0.335590
9	0.510000	0.338076
9	0.515000	0.340539
9	0.520000	0.342979
9	0.525000	0.345395
9	0.530000	0.347786
9	0.535000	0.350154
9	0.540000	0.352497
9	0.545000	0.354816
9	0.550000	0.357110
9	0.555000	0.359379
9	0.560000	0.361624
9	0.565000	0.363843
9	0.570000	0.366037
9	0.575000	0.368206
9	0.580000	0.370349
9	0.585000	0.372466
9	0.590000	0.374557
9	0.595000	0.376623
9	0.600000	0.378662
9	0.605000	0.380675
9	0.610000	0.382661
9	0.615000	0.384621
9	0.620000	0.386555
9	0.625000	0.388461
9	0.630000	0.390340
9	0.635000	0.392193
9	0.640000	0.394018
9	0.645000	0.395816
9	0.650000	0.397586
9	0.655000	0.399328
9	0.660000	0.401043
9	0.665000	0.402730
9	0.670000	0.404389
9	0.675000	0.406020
9	0.680000	0.407623
9	0.685000	0.409198
9	0.690000	0.410744
9	0.695000	0.412261
9	0.700000	0.413750
9	0.705000	0.415210
9	0.710000	0.416642
9	0.715000	0.418044
9	0.720000	0.419418
9	0.725000	0.420762
9	0.730000	0.422077
9	0.735000	0.423363
9	0.740000	0.424619
9	0.745000	0.425846
9	0.750000	0.427043
9	0.755000	0.428211
9	0.760000	0.429349
9	0.765000	0.430457
9	0.770000	0.431535
9	0.775000	0.432583
9	0.780000	0.433601
9	0.785000	0.434589
9	0.790000	0.435547
9	0.795000	0.436475
9	0.800000	0.437372
9	0.805000	0.438239
9	0.810000	0.439076
9	0.815000	0.439882
9	0.820000	0.440657
9	0.825000	0.441402
9	0.830000	0.442116
9	0.835000	0.442800
9	0.840000	0.443452
9	0.845000	0.444074
9	0.850000	0.444665
9	0.855000	0.445226
9	0.860000	0.445755
9	0.865000	0.446253
9	0.870000	0.446721
9	0.875000	0.447157
9	0.880000	0.447563
9	0.885000	0.447937
9	0.890000	0.448280
9	0.895000	0.448592
9	0.900000	0.448873
9	0.905000	0.449122
9	0.910000	0.449341
9	0.915000	0.449528
9	0.920000	0.449684
9	0.925000	0.449809
9	0.930000	0.449903
9	0.935000	0.449965
9	0.940000	0.449996
9	0.945000	0.449996
9	0.950000	0.449965
9	0.955000	0.449902
9	0.960000	0.449808
9	0.965000	0.449683
9	0.970000	0.449527
9	0.975000	0.449339
9	0.980000	0.449120
9	0.985000	0.448870
9	0.990000	0.448589
9	0.995000	0.448277
9	1.000000	0.447934
9	1.005000	0.447559
9	1.010000	0.447153
9	1.015000	0.446717
9	1.020000	0.446249
9	1.025000	0.445751
9	1.030000	0.445221
9	1.035000	0.444660
9	1.040000	0.444069
9	1.045000	0.443447
9	1.050000	0.442794
9	1.055000	0.442110
9	1.060000	0.441395
9	1.065000	0.440650
9	1.070000	0.439875
9	1.075000	0.439068
9	1.080000	0.438231
9	1.085000	0.437364
9	1.090000	0.436467
9	1.095000	0.435539
9	1.100000	0.434581
9	1.105000	0.433592
9	1.110000	0.432574
9	1.115000	0.431525
9	1.120000	0.430447
9	1.125000	0.429339
9	1.130000	0.428200
9	1.135000	0.427033
9	1.140000	0.425835
9	1.145000	0.424608
9	1.150000	0.423351
9	1.155000	0.422065
9	1.160000	0.420750
9	1.165000	0.419406
9	1.170000	0.418032
9	1.175000	0.416629
9	1.180000	0.415198
9	1.185000	0.413737
9	1.190000	0.412248
9	1.195000	0.410730
9	1.200000	0.409184
9	1.205000	0.407609
9	1.210000	0.406006
9	1.215000	0.404375
9	1.220000	0.402715
9	1.225000	0.401028
9	1.230000	0.399313
9	1.235000	0.397570
9	1.240000	0.395800
9	1.245000	0.394002
9	1.250000	0.392176
9	1.255000	0.390324
9	1.260000	0.388444
9	1.265000	0.386538
9	1.270000	0.384604
9	1.275000	0.382644
9	1.280000	0.380657
9	1.285000	0.378644
9	1.290000	0.376604
9	1.295000	0.374539
9	1.300000	0.372447
9	1.305000	0.370330
9	1.310000	0.368186
9	1.315000	0.366018
9	1.320000	0.363823
9	1.325000	0.361604
9	1.330000	0.359359
9	1.335000	0.357090
9	1.340000	0.354795
9	1.345000	0.352476
9	1.350000	0.350133
9	1.355000	0.347765
9	1.360000	0.345373
9	1.365000	0.342957
9	1.370000	0.340518
9	1.375000	0.338054
9	1.380000	0.335567
9	1.385000	0.333057
9	1.390000	0.330524
9	1.395000	0.327968
9	1.400000	0.325389
9	1.405000	0.322787
9	1.410000	0.320163
9	1.415000	0.317517
9	1.420000	0.314848
9	1.425000	0.312158
9	1.430000	0.309446
9	1.435000	0.306713
9	1.440000	0.303958
9	1.445000	0.301183
9	1.450000	0.298386
9	1.455000	0.295569
9	1.460000	0.292731
9	1.465000	0.289872
9	1.470000	0.286994
9	1.475000	0.284096
9	1.480000	0.281178
9	1.485000	0.278240
9	1.490000	0.275283
9	1.495000	0.272307
9	1.500000	0.269312
9	1.505000	0.266299
9	1.510000	0.263267
9	1.515000	0.260216
9	1.520000	0.257148
9	1.525000	0.254062
9	1.530000	0.250958
9	1.535000	0.247836
9	1.540000	0.244698
9	1.545000	0.241542
9	1.550000	0.238370
9	1.555000	0.235181
9	1.560000	0.231976
9	1.565000	0.228754
9	1.570000	0.225517
9	1.575000	0.222264
9	1.580000	0.218996
9	1.585000	0.215712
9	1.590000	0.212414
9	1.595000	0.209100
9	1.600000	0.205773
9	1.605000	0.202431
9	1.610000	0.199074
9	1.615000	0.195704
9	1.620000	0.192321
9	1.625000	0.188924
9	1.630000	0.185514
9	1.635000	0.182091
9	1.640000	0.178656
9	1.645000	0.175208
9	1.650000	0.171747
9	1.655000	0.168275
9	1.660000	0.164792
9	1.665000	0.161296
9	1.670000	0.157790
9	1.675000	0.154273
9	1.680000	0.150745
9	1.685000	0.147206
9	1.690000	0.143657
9	1.695000	0.140099
9	1.700000	0.136530
9	1.705000	0.132952
9	1.710000	0.129365
9	1.715000	0.125769
9	1.720000	0.122164
9	1.725000	0.118551
9	1.730000	0.114929
9	1.735000	0.111300
9	1.740000	0.107662
9	1.745000	0.104017
9	1.750000	0.100365
9	1.755000	0.096706
9	1.760000	0.093041
9	1.765000	0.089369
9	1.770000	0.085690
9	1.775000	0.082006
9	1.780000	0.078316
9	1.785000	0.074620
9	1.790000	0.070920
9	1.795000	0.067214
9	1.800000	0.063504
9	1.805000	0.059789
9	1.810000	0.056071
9	1.815000	0.052348
9	1.820000	0.048622
9	1.825000	0.044892
9	1.830000	0.041159
9	1.835000	0.037423
9	1.840000	0.033685
9	1.845000	0.029945
9	1.850000	0.026202
9	1.855000	0.022457
9	1.860000	0.018711
9	1.865000	0.014964
9	1.870000	0.011216
9	1.875000	0.007466
9	1.880000	0.003717
9	1.885000	-0.000033
9	1.890000	-0.003783
9	1.895000	-0.007533
9	1.900000	-0.011282
9	1.905000	-0.015031
9	1.910000	-0.018778
9	1.915000	-0.022524
9	1.920000	-0.026268
9	1.925000	-0.030011
9	1.930000	-0.033752
9	1.935000	-0.037490
9	1.940000	-0.041225
9	1.945000	-0.044958
9	1.950000	-0.048688
9	1.955000	-0.052414
9	1.960000	-0.056137
9	1.965000	-0.059855
9	1.970000	-0.063570
9	1.975000	-0.067280
9	1.980000	-0.070986
9	1.985000	-0.074686
9	1.990000	-0.078381
9	1.995000	-0.082071
9	2.000000	-0.085756
9	2.005000	-0.089434
9	2.010000	-0.093106
9	2.015000	-0.096771
9	2.020000	-0.100430
9	2.025000	-0.104082
9	2.030000	-0.107727
9	2.035000	-0.111364
9	2.040000	-0.114993
9	2.045000	-0.118615
9	2.050000	-0.122228
9	2.055000	-0.125833
9	2.060000	-0.129429
9	2.065000	-0.133016
9	2.070000	-0.136594
9	2.075000	-0.140162
9	2.080000	-0.143721
9	2.085000	-0.147269
9	2.090000	-0.150807
9	2.095000	-0.154335
9	2.100000	-0.157852
9	2.105000	-0.161359
9	2.110000	-0.164854
9	2.115000	-0.168337
9	2.120000	-0.171809
9	2.125000	-0.175269
9	2.130000	-0.178717
9	2.135000	-0.182152
9	2.140000	-0.185575
9	2.145000	-0.188984
9	2.150000	-0.192381
9	2.155000	-0.195764
9	2.160000	-0.199134
9	2.165000	-0.202490
9	2.170000	-0.205832
9	2.175000	-0.209159
9	2.180000	-0.212472
9	2.185000	-0.215771
9	2.190000	-0.219054
9	2.195000	-0.222322
9	2.200000	-0.225575
9	2.205000	-0.228812
9	2.210000	-0.232033
9	2.215000	-0.235238
9	2.220000	-0.238426
9	2.225000	-0.241598
9	2.230000	-0.244754
9	2.235000	-0.247892
9	2.240000	-0.251013
9	2.245000	-0.254117
9	2.250000	-0.257203
9	2.255000	-0.260271
9	2.260000	-0.263321
9	2.265000	-0.266353
9	2.270000	-0.269366
9	2.275000	-0.272360
9	2.280000	-0.275336
9	2.285000	-0.278293
9	2.290000	-0.281230
9	2.295000	-0.284147
9	2.300000	-0.287045
9	2.305000	-0.289923
9	2.310000	-0.292781
9	2.315000	-0.295619
9	2.320000	-0.298436
9	2.325000	-0.301232
9	2.330000	-0.304008
9	2.335000	-0.306762
9	2.340000	-0.309495
9	2.345000	-0.312206
9	2.350000	-0.314896
9	2.355000	-0.317564
9	2.360000	-0.320210
9	2.365000	-0.322833
9	2.370000	-0.325435
9	2.375000	-0.328013
9	2.380000	-0.330569
9	2.385000	-0.333102
9	2.390000	-0.335612
9	2.395000	-0.338098
9	2.400000	-0.340561
9	2.405000	-0.343000
9	2.410000	-0.345416
9	2.415000	-0.347807
9	2.420000	-0.350175
9	2.425000	-0.352518
9	2.430000	-0.354836
9	2.435000	-0.357130
9	2.440000	-0.359399
9	2.445000	-0.361644
9	2.450000	-0.363863
9	2.455000	-0.366056
9	2.460000	-0.368225
9	2.465000	-0.370367
9	2.470000	-0.372485
9	2.475000	-0.374576
9	2.480000	-0.376641
9	2.485000	-0.378680
9	2.490000	-0.380693
9	2.495000	-0.382679
9	2.500000	-0.384639
9	2.505000	-0.386572
9	2.510000	-0.388478
9	2.515000	-0.390357
9	2.520000	-0.392209
9	2.525000	-0.394034
9	2.530000	-0.395831
9	2.535000	-0.397601
9	2.540000	-0.399344
9	2.545000	-0.401058
9	2.550000	-0.402745
9	2.555000	-0.404404
9	2.560000	-0.406035
9	2.565000	-0.407637
9	2.570000	-0.409212
9	2.575000	-0.410757
9	2.580000	-0.412275
9	2.585000	-0.413763
9	2.590000	-0.415223
9	2.595000	-0.416654
9	2.600000	-0.418057
9	2.605000	-0.419430
9	2.610000	-0.420774
9	2.615000	-0.422088
9	2.620000	-0.423374
9	2.625000	-0.424630
9	2.630000	-0.425857
9	2.635000	-0.427054
9	2.640000	-0.428221
9	2.645000	-0.429359
9	2.650000	-0.430466
9	2.655000	-0.431544
9	2.660000	-0.432592
9	2.665000	-0.433610
9	2.670000	-0.434598
9	2.675000	-0.435555
9	2.680000	-0.436483
9	2.685000	-0.437380
9	2.690000	-0.438247
9	2.695000	-0.439083
9	2.700000	-0.439889
9	2.705000	-0.440664
9	2.710000	-0.441408
9	2.715000	-0.442122
9	2.720000	-0.442806
9	2.725000	-0.443458
9	2.730000	-0.444080
9	2.735000	-0.444671
9	2.740000	-0.445231
9	2.745000	-0.445760
9	2.750000	-0.446258
9	2.755000	-0.446725
9	2.760000	-0.447161
9	2.765000	-0.447566
9	2.770000	-0.447940
9	2.775000	-0.448283
9	2.780000	-0.448595
9	2.785000	-0.448875
9	2.790000	-0.449124
9	2.795000	-0.449343
9	2.800000	-0.449530
9	2.805000	-0.449686
9	2.810000	-0.449810
9	2.815000	-0.449903
9	2.820000	-0.449965
9	2.825000	-0.449996
9	2.830000	-0.449996
9	2.835000	-0.449964
9	2.840000	-0.449901
9	2.845000	-0.449807
9	2.850000	-0.449682
9	2.855000	-0.449525
9	2.860000	-0.449337
9	2.865000	-0.449118
9	2.870000	-0.448868
9	2.875000	-0.448587
9	2.880000	-0.448274
9	2.885000	-0.447930
9	2.890000	-0.447556
9	2.895000	-0.447150
9	2.900000	-0.446713
9	2.905000	-0.446245
9	2.910000	-0.445746
9	2.915000	-0.445216
9	2.920000	-0.444655
9	2.925000	-0.444064
9	2.930000	-0.443441
9	2.935000	-0.442788
9	2.940000	-0.442104
9	2.945000	-0.441389
9	2.950000	-0.440643
9	2.955000	-0.439867
9	2.960000	-0.439061
9	2.965000	-0.438224
9	2.970000	-0.437356
9	2.975000	-0.436459
9	2.980000	-0.435530
9	2.985000	-0.434572
9	2.990000	-0.433583
9	2.995000	-0.432565
9	3.000000	-0.431516
9	3.005000	-0.430437
9	3.010000	-0.429329
9	3.015000	-0.428190
9	3.020000	-0.427022
9	3.025000	-0.425824
9	3.030000	-0.424597
9	3.035000	-0.423340
9	3.040000	-0.422054
9	3.045000	-0.420738
9	3.050000	-0.419393
9	3.055000	-0.418020
9	3.060000	-0.416617
9	3.065000	-0.415185
9	3.070000	-0.413724
9	3.075000	-0.412235
9	3.080000	-0.410717
9	3.085000	-0.409170
9	3.090000	-0.407595
9	3.095000	-0.405992
9	3.100000	-0.404360
9	3.105000	-0.402701
9	3.110000	-0.401013
9	3.115000	-0.399298
9	3.120000	-0.397555
9	3.125000	-0.395784
9	3.130000	-0.393986
9	3.135000	-0.392160
9	3.140000	-0.390307
9	3.145000	-0.388427
9	3.150000	-0.386521
9	3.155000	-0.384587
9	3.160000	-0.382626
9	3.165000	-0.380639
9	3.170000	-0.378626
9	3.175000	-0.376586
9	3.180000	-0.374520
9	3.185000	-0.372428
9	3.190000	-0.370311
9	3.195000	-0.368167
9	3.200000	-0.365998
9	3.205000	-0.363804
9	3.210000	-0.361584
9	3.215000	-0.359339
9	3.220000	-0.357069
9	3.225000	-0.354775
9	3.230000	-0.352456
9	3.235000	-0.350112
9	3.240000	-0.347744
9	3.245000	-0.345352
9	3.250000	-0.342936
9	3.255000	-0.340496
9	3.260000	-0.338032
9	3.265000	-0.335545
9	3.270000	-0.333035
9	3.275000	-0.330501
9	3.280000	-0.327945
9	3.285000	-0.325366
9	3.290000	-0.322764
9	3.295000	-0.320140
9	3.300000	-0.317493
9	3.305000	-0.314825
9	3.310000	-0.312134
9	3.315000	-0.309422
9	3.320000	-0.306689
9	3.325000	-0.303934
9	3.330000	-0.301158
9	3.335000	-0.298361
9	3.340000	-0.295544
9	3.345000	-0.292705
9	3.350000	-0.289847
9	3.355000	-0.286968
9	3.360000	-0.284070
9	3.365000	-0.281152
9	3.370000	-0.278214
9	3.375000	-0.275257
9	3.380000	-0.272281
9	3.385000	-0.269286
9	3.390000	-0.266272
9	3.395000	-0.263240
9	3.400000	-0.260189
9	3.405000	-0.257121
9	3.410000	-0.254034
9	3.415000	-0.250930
9	3.420000	-0.247808
9	3.425000	-0.244670
9	3.430000	-0.241514
9	3.435000	-0.238342
9	3.440000	-0.235152
9	3.445000	-0.231947
9	3.450000	-0.228726
9	3.455000	-0.225488
9	3.460000	-0.222235
9	3.465000	-0.218967
9	3.470000	-0.215683
9	3.475000	-0.212384
9	3.480000	-0.209071
9	3.485000	-0.205743
9	3.490000	-0.202401
9	3.495000	-0.199045
9	3.500000	-0.195675
9	3.505000	-0.192291
9	3.510000	-0.188894
9	3.515000	-0.185484
9	3.520000	-0.182061
9	3.525000	-0.178625
9	3.530000	-0.175177
9	3.535000	-0.171717
9	3.540000	-0.168244
9	3.545000	-0.164761
9	3.550000	-0.161265
9	3.555000	-0.157759
9	3.560000	-0.154241
9	3.565000	-0.150713
9	3.570000	-0.147175
9	3.575000	-0.143626
9	3.580000	-0.140067
9	3.585000	-0.136498
9	3.590000	-0.132920
9	3.595000	-0.129333
9	3.600000	-0.125737
9	3.605000	-0.122132
9	3.610000	-0.118519
9	3.615000	-0.114897
9	3.620000	-0.111267
9	3.625000	-0.107630
9	3.630000	-0.103985
9	3.635000	-0.100333
9	3.640000	-0.096674
9	3.645000	-0.093008
9	3.650000	-0.089336
9	3.655000	-0.085657
9	3.660000	-0.081973
9	3.665000	-0.078283
9	3.670000	-0.074588
9	3.675000	-0.070887
9	3.680000	-0.067181
9	3.685000	-0.063471
9	3.690000	-0.059756
9	3.695000	-0.056038
9	3.700000	-0.052315
9	3.705000	-0.048588
9	3.710000	-0.044859
9	3.715000	-0.041126
9	3.720000	-0.037390
9	3.725000	-0.033652
9	3.730000	-0.029911
9	3.735000	-0.026169
9	3.740000	-0.022424
9	3.745000	-0.018678
9	3.750000	-0.014931
9	3.755000	-0.011182
9	3.760000	-0.007433
9	3.765000	-0.003683
